 Received 0x18 bytes:
    00000000  48 65 6c 6c  6f 21 20 6b  69 6e 67 00  00 00 00 00  │Hell│o! k│ing·│····│
    00000010  00 00 00 00  00 00 00 0a                            │····│····││
    00000018
[DEBUG] Received 0x1000 bytes:
    'Your sign is [107, 161, 22, 219, 164, 161, 132, 134, 223, 80, 55, 114, 40, 95, 65, 221, 168, 48, 232, 232, 187, 58, 253, 184, 214, 141, 22, 199, 165, 13, 12, 17]\n'
    'The public keys are: \n'
    'pk: [[[159, 22, 223, 160, 144, 174, 246, 1, 120, 232, 101, 83, 83, 110, 8, 75, 255, 10, 22, 76, 37, 2, 61, 12, 82, 78, 3, 201, 152, 24, 76, 239], [45, 243, 15, 164, 216, 255, 111, 52, 169, 161, 216, 138, 91, 125, 181, 9, 25, 44, 234, 243, 11, 222, 47, 101, 162, 14, 206, 24, 177, 145, 88, 200], [80, 8, 247, 215, 114, 215, 9, 50, 134, 17, 145, 90, 75, 182, 169, 130, 166, 219, 177, 8, 40, 72, 47, 1, 175, 65, 105, 69, 0, 232, 147, 178], [79, 92, 37, 18, 121, 73, 201, 243, 91, 147, 16, 53, 80, 124, 253, 50, 174, 69, 124, 124, 14, 218, 232, 157, 125, 246, 182, 52, 223, 160, 23, 36], [149, 221, 167, 208, 43, 28, 255, 145, 177, 33, 245, 20, 76, 178, 69, 126, 186, 232, 209, 165, 183, 132, 24, 91, 138, 144, 212, 190, 156, 29, 54, 222], [41, 1, 163, 79, 242, 92, 238, 238, 84, 172, 43, 234, 169, 141, 185, 83, 207, 165, 236, 132, 186, 232, 64, 34, 197, 184, 26, 239, 58, 107, 169, 198], [71, 25, 165, 246, 253, 132, 155, 47, 250, 238, 194, 159, 172, 172, 107, 181, 112, 82, 237, 147, 151, 199, 164, 6, 192, 73, 68, 78, 37, 94, 255, 57], [130, 250, 99, 176, 155, 230, 171, 238, 111, 193, 217, 221, 9, 111, 249, 144, 33, 146, 249, 27, 103, 201, 141, 184, 180, 162, 163, 230, 52, 184, 200, 156], [118, 21, 74, 86, 97, 232, 16, 103, 209, 186, 108, 125, 47, 186, 129, 153, 15, 98, 244, 89, 48, 147, 144, 81, 172, 47, 2, 236, 101, 59, 207, 219], [49, 46, 93, 22, 250, 254, 252, 101, 139, 10, 170, 59, 145, 103, 73, 88, 56, 49, 117, 32, 205, 196, 97, 119, 243, 227, 136, 105, 47, 95, 239, 236], [132, 161, 220, 85, 172, 147, 113, 5, 90, 24, 41, 72, 157, 111, 246, 211, 33, 245, 187, 4, 176, 85, 63, 102, 218, 226, 255, 138, 69, 61, 57, 205], [55, 86, 241, 49, 45, 30, 253, 225, 162, 90, 143, 224, 187, 181, 203, 210, 239, 226, 4, 189, 235, 177, 63, 68, 104, 0, 157, 155, 1, 103, 226, 199], [82, 85, 218, 151, 87, 5, 220, 18, 118, 237, 194, 204, 133, 161, 57, 138, 151, 214, 41, 243, 38, 194, 183, 147, 38, 135, 113, 11, 194, 236, 111, 214], [92, 106, 168, 20, 161, 11, 36, 20, 208, 246, 1, 207, 35, 26, 13, 80, 138, 31, 71, 45, 220, 84, 236, 2, 144, 212, 152, 54, 148, 7, 34, 112], [16, 10, 218, 134, 84, 248, 2, 124, 230, 30, 120, 248, 209, 217, 218, 17, 126, 54, 44, 113, 199, 243, 36, 95, 247, 96, 215, 130, 126, 120, 17, 40], [40, 77, 246, 71, 86, 145, 148, 43, 15, 47, 149, 73, 233, 213, 67, 239, 147, 88, 4, 123, 146, 80, 125, 191, 38, 74, 98, 13, 79, 169, 4, 193], [108, 149, 196, 186, 68, 35, 246, 84, 252, 51, 136, 10, 24, 97, 189, 155, 225, 143, 177, 206, 168, 27, 92, 133, 105, 224, 46, 47, 99, 13, 37, 4], [114, 101, 30, 205, 114, 197, 20, 142, 244, 218, 233, 148, 49, 184, 224, 26, 240, 94, 129, 195, 248, 65, 35, 242, 156, 109, 62, 214, 153, 122, 41, 204], [133, 42, 141, 132, 188, 15, 206, 111, 230, 163, 3, 82, 138, 150, 61, 137, 233, 211, 145, 84, 139, 52, 243, 175, 216, 58, 23, 108, 93, 156, 15, 201], [236, 222, 130, 84, 192, 160, 169, 43, 16, 63, 77, 140, 84, 128, 0, 139, 185, 18, 37, 75, 64, 0, 200, 11, 34, 131, 217, 41, 104, 191, 249, 114], [188, 112, 36, 121, 149, 134, 210, 156, 11, 43, 1, 250, 245, 175, 142, 55, 4, 196, 255, 37, 173, 83, 250, 10, 123, 174, 237, 54, 198, 117, 160, 211], [1, 144, 180, 34, 207, 117, 70, 60, 117, 187, 5, 161, 68, 217, 207, 196, 230, 189, 174, 233, 181, 234, 67, 97, 108, 191, 43, 53, 86, 172, 158, 17], [78, 87, 233, 183, 145, 181, 203, 90, 62, 155, 139, 142, 27, 32, 23, 133, 230, 221, 203, 10, 230, 120, 12, 199, 69, 231, 131, 179, 27, 21, 39, 40], [79, 243, 136, 182, 10, 226, 136, 20, 174, 210, 129, 84, 169, 227, 65, 85, 30, 33, 215, 69, 190, 107, 229, 185, 128, 94, 104, 23, 229, 194, 165, 88], [233, 76, 244, 62, 236, 51, 191, 232, 130, 154, 182, 174, 222, 41, 49, 215, 146, 242, 9, 98, 208, 44, 176, 163, 155, 0, 251, 105, 204, 161, 42, 252], [171, 111, 122, 160, 223, 187, 30, 54, 69, 199, 40, 82, 48, 42, 175, 201, 46, 169, 214, 29, 24, 187, 125, 57, 235, 74, 9, 254, 100, 180, 225, 121], [228, 54, 73, 164, 255, 148, 243, 181, 177, 214, 202, 28, 19'
[DEBUG] Received 0x640 bytes:
    '1, 181, 13, 198, 20, 239, 164, 123, 79, 107, 4, 224, 190, 133, 130, 250, 24, 131, 254, 109], [15, 58, 173, 188, 187, 96, 184, 185, 36, 85, 160, 142, 54, 30, 81, 118, 111, 14, 194, 24, 96, 4, 142, 93, 191, 132, 180, 200, 213, 85, 192, 185], [214, 139, 107, 10, 142, 60, 82, 215, 124, 185, 122, 176, 114, 11, 17, 204, 196, 163, 113, 45, 145, 100, 223, 132, 37, 88, 21, 62, 122, 25, 53, 130], [109, 149, 33, 106, 114, 96, 144, 163, 21, 190, 15, 193, 93, 212, 191, 209, 50, 250, 57, 128, 1, 69, 27, 108, 145, 0, 183, 242, 149, 31, 86, 169], [73, 209, 29, 70, 80, 93, 58, 179, 199, 154, 216, 181, 91, 95, 4, 176, 130, 144, 18, 230, 57, 245, 67, 143, 51, 234, 94, 250, 175, 41, 164, 117], [185, 108, 128, 86, 159, 115, 138, 75, 137, 33, 119, 152, 177, 54, 115, 116, 128, 191, 232, 155, 232, 175, 194, 48, 175, 141, 66, 217, 155, 101, 11, 58]], [[163, 182, 4, 111, 73, 148, 236, 96, 2, 225, 75, 127, 197, 167, 226, 69, 166, 234, 210, 132, 208, 68, 83, 112, 184, 242, 241, 4, 18, 191, 88, 72], [35, 117, 166, 207, 183, 90, 152, 218, 103, 20, 66, 239, 176, 96, 6, 184, 131, 249, 98, 83, 197, 33, 97, 240, 32, 148, 76, 247, 99, 198, 190, 212], [192, 49, 139, 202, 213, 164, 92, 95, 108, 222, 192, 72, 186, 117, 232, 86, 128, 26, 234, 115, 249, 243, 243, 35, 87, 19, 220, 64, 20, 141, 136, 83], [164, 89, 70, 56, 135, 75, 94, 246, 27, 17, 113, 151, 122, 144, 168, 157, 22, 100, 33, 17, 78, 118, 226, 33, 39, 38, 242, 209, 161, 65, 125, 172], [43, 221, 142, 91, 70, 210, 179, 194, 87, 144, 67, 193, 31, 111, 157, 129, 116, 68, 150, 155, 184, 140, 191, 213, 134, 200, 151, 226, 162, 171, 207, 7], [137, 66, 37, 14'
[DEBUG] Received 0x590 bytes:
    '0, 244, 219, 234, 96, 158, 137, 170, 255, 151, 86, 146, 39, 228, 72, 103, 51, 187, 247, 19, 231, 84, 116, 222, 165, 33, 237, 133, 142], [245, 203, 229, 111, 18, 79, 45, 74, 66, 228, 205, 18, 221, 94, 159, 145, 195, 121, 223, 170, 98, 103, 146, 55, 175, 241, 205, 196, 34, 234, 31, 2], [161, 248, 14, 190, 80, 89, 88, 40, 18, 13, 89, 249, 190, 67, 225, 87, 76, 215, 187, 157, 176, 119, 234, 175, 212, 102, 65, 68, 249, 147, 220, 122], [28, 12, 211, 88, 166, 234, 108, 72, 184, 2, 65, 9, 4, 68, 156, 4, 250, 143, 146, 45, 120, 169, 243, 209, 166, 51, 153, 160, 244, 142, 106, 167], [179, 161, 53, 32, 117, 247, 28, 7, 126, 199, 137, 111, 47, 80, 239, 120, 6, 109, 84, 251, 101, 100, 73, 145, 98, 196, 254, 137, 235, 10, 243, 21], [49, 212, 132, 41, 13, 85, 152, 156, 203, 220, 225, 122, 217, 251, 189, 57, 46, 249, 48, 11, 152, 48, 86, 103, 111, 41, 72, 42, 91, 19, 35, 218], [161, 83, 46, 130, 176, 214, 43, 174, 4, 69, 242, 5, 84, 35, 227, 248, 7, 9, 128, 69, 23, 18, 150, 103, 140, 203, 255, 179, 11, 5, 179, 24], [248, 188, 186, 1, 53, 154, 13, 149, 81, 237, 79, 160, 63, 24, 89, 38, 151, 68, 123, 23, 154, 79, 237, 142, 107, 251, 54, 241, 156, 2, 171, 206], [240, 153, 88, 72, 154, 163, 85, 124, 95, 202, 28, 50, 177, 104, 86, 189, 156, 196, 108, 81, 67, 248, 116, 82, 140, 65, 195, 3, 178, 2, 60, 154], [71, 171, 56, 26, 190, 59, 199, 79, 52, 77, 145, 93, 7, 233, 179, 226, 94, 237, 73, 8, 67, 145, 52, 22, 32, 38, 33, 1'
[DEBUG] Received 0x590 bytes:
    '60, 176, 76, 28, 35], [33, 10, 179, 48, 84, 222, 143, 239, 246, 114, 129, 140, 39, 55, 21, 245, 129, 73, 118, 159, 111, 28, 90, 59, 127, 42, 120, 245, 96, 196, 109, 30], [67, 152, 14, 87, 201, 248, 37, 121, 167, 15, 249, 78, 22, 48, 80, 218, 211, 219, 220, 5, 88, 214, 126, 39, 161, 68, 213, 191, 121, 115, 167, 14], [189, 36, 191, 19, 19, 191, 195, 200, 55, 252, 143, 24, 64, 204, 126, 75, 231, 116, 245, 152, 146, 231, 42, 174, 79, 154, 190, 51, 12, 81, 68, 158], [0, 130, 161, 65, 60, 4, 248, 202, 249, 106, 30, 240, 134, 218, 42, 231, 165, 81, 127, 137, 191, 251, 143, 23, 117, 16, 115, 142, 145, 168, 74, 156], [142, 189, 32, 72, 232, 167, 151, 218, 252, 252, 34, 243, 73, 58, 90, 91, 43, 220, 127, 29, 98, 29, 144, 124, 20, 116, 87, 72, 138, 141, 173, 198], [22, 89, 169, 229, 30, 56, 76, 40, 103, 107, 74, 15, 98, 228, 88, 75, 8, 38, 130, 197, 80, 67, 202, 5, 42, 252, 53, 58, 193, 10, 54, 144], [237, 193, 117, 81, 96, 31, 138, 239, 58, 171, 204, 112, 167, 185, 43, 174, 165, 195, 250, 64, 229, 112, 62, 66, 126, 162, 186, 13, 253, 156, 40, 238], [96, 129, 147, 57, 103, 63, 94, 107, 105, 31, 225, 158, 193, 59, 148, 19, 182, 229, 202, 168, 63, 132, 76, 172, 227, 106, 11, 126, 106, 14, 125, 118], [171, 86, 241, 53, 26, 223, 7, 159, 54, 122, 232, 160, 94, 125, 37, 165, 105, 33, 244, 230, 73, 45, 159, 65, 179, 212, 180, 134, 165, 65, 221, 124], [204, 130, 203, 73, 169, 44, 203, 83, 53, 103, 136, 8, 201, 13, 123, '
[DEBUG] Received 0x590 bytes:
    '182, 188, 113, 5, 24, 12, 157, 180, 41, 53, 218, 97, 20, 3, 143, 7, 21], [56, 89, 200, 127, 46, 164, 38, 1, 171, 165, 187, 96, 221, 33, 180, 217, 116, 102, 213, 60, 153, 10, 198, 196, 184, 56, 55, 201, 27, 100, 142, 194], [214, 71, 66, 210, 231, 44, 236, 133, 97, 166, 189, 160, 235, 7, 214, 23, 198, 3, 232, 218, 103, 63, 187, 191, 235, 242, 218, 91, 178, 136, 30, 247], [35, 92, 166, 47, 233, 222, 81, 143, 40, 3, 98, 40, 13, 195, 155, 90, 149, 241, 198, 218, 132, 151, 236, 102, 69, 15, 202, 25, 157, 99, 67, 68], [131, 168, 122, 237, 9, 159, 143, 176, 57, 28, 166, 83, 48, 62, 174, 54, 217, 142, 214, 144, 16, 66, 136, 245, 93, 241, 249, 148, 132, 10, 245, 109], [81, 81, 1, 226, 105, 47, 242, 226, 10, 127, 201, 34, 182, 184, 156, 37, 184, 226, 224, 163, 86, 87, 238, 148, 253, 247, 14, 68, 83, 75, 160, 4], [192, 148, 244, 227, 204, 171, 228, 201, 252, 231, 164, 28, 164, 225, 162, 212, 253, 60, 56, 201, 55, 140, 211, 49, 119, 139, 190, 223, 245, 33, 76, 135], [161, 127, 153, 125, 157, 150, 48, 152, 66, 237, 122, 234, 116, 197, 217, 41, 99, 16, 236, 60, 219, 124, 92, 103, 91, 181, 43, 244, 255, 35, 120, 77]], [[195, 58, 196, 128, 249, 90, 212, 232, 206, 138, 101, 71, 182, 87, 194, 166, 79, 91, 155, 63, 64, 241, 207, 126, 5, 159, 161, 62, 137, 178, 9, 101], [27, 15, 37, 94, 171, 100, 25, 53, 227, 239, 78, 186, 59, 165, 9, 82, 14, 59, 228, 165, 167, 207, 184, 146, 184, 103, 4, 151, 45, 102, 146, 162], [158, 12'
[DEBUG] Received 0x590 bytes:
    '1, 105, 45, 198, 164, 178, 245, 20, 13, 129, 168, 97, 120, 12, 190, 225, 39, 182, 170, 168, 110, 5, 78, 163, 40, 60, 59, 112, 81, 174, 112], [42, 238, 207, 166, 237, 22, 203, 126, 183, 68, 95, 114, 131, 154, 62, 50, 50, 50, 121, 101, 65, 189, 166, 125, 202, 148, 208, 112, 30, 42, 195, 1], [98, 18, 208, 122, 250, 8, 140, 107, 189, 56, 205, 68, 138, 132, 123, 185, 239, 64, 159, 190, 52, 130, 255, 161, 196, 249, 225, 201, 233, 246, 97, 108], [247, 103, 208, 226, 201, 175, 149, 28, 71, 92, 155, 103, 222, 87, 11, 136, 146, 42, 65, 76, 32, 56, 42, 243, 70, 128, 166, 1, 117, 19, 246, 162], [250, 70, 160, 49, 185, 34, 62, 143, 77, 79, 31, 114, 91, 57, 98, 128, 156, 37, 56, 164, 130, 149, 76, 9, 93, 24, 183, 161, 112, 68, 82, 187], [173, 237, 178, 204, 14, 236, 96, 151, 113, 246, 216, 173, 131, 11, 185, 145, 180, 30, 44, 237, 15, 140, 23, 233, 138, 32, 26, 11, 31, 154, 113, 10], [130, 66, 165, 227, 85, 62, 217, 149, 198, 237, 22, 9, 83, 139, 252, 78, 72, 63, 164, 157, 70, 40, 83, 10, 171, 31, 104, 27, 89, 42, 16, 148], [50, 3, 175, 207, 215, 234, 84, 193, 70, 79, 218, 21, 50, 44, 232, 36, 156, 106, 40, 27, 236, 205, 63, 174, 119, 1, 116, 138, 14, 137, 174, 65], [120, 175, 62, 245, 247, 49, 19, 137, 123, 192, 220, 201, 144, 25, 198, 125, 250, 191, 147, 73, 201, 20, 41, 46, 46, 235, 153, 120, 121, 60, 57, 140], [96, 137, 103, 245, 203, 243, 124, 132, 195, 98, 7, 133, 110, 65, 170, 157, 118, 214, 205, 64, 76, 78,'
[DEBUG] Received 0x590 bytes:
    ' 136, 113, 195, 241, 73, 64, 184, 37, 129, 103], [87, 202, 236, 152, 211, 98, 149, 227, 159, 178, 221, 11, 222, 109, 51, 213, 177, 249, 85, 183, 59, 223, 242, 249, 91, 87, 17, 128, 17, 153, 231, 18], [63, 41, 30, 221, 42, 116, 148, 126, 86, 69, 42, 82, 99, 66, 129, 31, 230, 119, 79, 90, 38, 147, 164, 25, 70, 230, 246, 63, 66, 89, 126, 8], [164, 110, 204, 117, 87, 87, 221, 160, 90, 13, 182, 171, 157, 90, 54, 87, 225, 67, 41, 134, 51, 114, 105, 89, 75, 189, 248, 152, 126, 64, 242, 112], [45, 216, 36, 131, 91, 2, 168, 208, 75, 76, 102, 216, 16, 96, 52, 200, 88, 136, 164, 15, 88, 33, 131, 105, 19, 208, 126, 231, 169, 17, 188, 252], [156, 209, 4, 105, 156, 132, 16, 210, 3, 14, 4, 230, 252, 92, 111, 227, 239, 238, 57, 76, 40, 103, 156, 252, 180, 67, 21, 7, 255, 4, 76, 234], [194, 94, 92, 34, 70, 46, 198, 43, 22, 7, 203, 0, 253, 8, 119, 226, 172, 27, 130, 172, 179, 101, 177, 128, 97, 212, 207, 128, 86, 198, 201, 114], [102, 153, 14, 203, 119, 108, 166, 94, 111, 100, 147, 163, 68, 252, 81, 54, 223, 188, 53, 51, 18, 252, 188, 110, 94, 107, 237, 170, 232, 183, 30, 106], [201, 126, 140, 159, 2, 175, 128, 129, 225, 238, 43, 59, 71, 126, 170, 113, 60, 160, 6, 222, 23, 76, 27, 93, 137, 32, 250, 35, 119, 68, 84, 241], [166, 8, 116, 26, 195, 102, 144, 215, 211, 97, 190, 5, 87, 232, 149, 160, 131, 193, 42, 160, 248, 62, 77, 33, 133, 84, 25, 111, 23, 253, 196, 41], [128, 21, 11, 122, 34, 51, 228, 62, 239, 7, 149, 199, '
[DEBUG] Received 0x590 bytes:
    '153, 94, 255, 31, 4, 69, 163, 89, 243, 247, 226, 48, 24, 170, 54, 187, 38, 194, 72, 109], [223, 234, 61, 59, 180, 241, 105, 115, 252, 1, 212, 22, 95, 153, 88, 105, 251, 115, 55, 103, 130, 183, 156, 213, 8, 71, 216, 164, 129, 134, 244, 246], [87, 222, 82, 52, 109, 229, 240, 234, 214, 171, 160, 176, 190, 252, 20, 42, 225, 190, 249, 222, 24, 246, 33, 98, 135, 22, 17, 219, 62, 222, 182, 212], [165, 194, 189, 102, 128, 215, 233, 132, 145, 8, 151, 254, 33, 59, 188, 222, 83, 90, 105, 157, 209, 80, 122, 221, 24, 24, 245, 234, 10, 204, 72, 35], [155, 29, 122, 198, 12, 52, 170, 23, 13, 114, 9, 75, 22, 48, 206, 5, 236, 183, 169, 39, 126, 255, 243, 94, 250, 230, 108, 245, 160, 14, 197, 158], [244, 214, 204, 89, 171, 56, 102, 226, 53, 27, 176, 69, 63, 143, 51, 51, 248, 60, 247, 177, 251, 18, 242, 194, 217, 232, 19, 39, 162, 9, 66, 235], [29, 57, 246, 198, 144, 208, 225, 202, 50, 51, 225, 207, 17, 216, 192, 1, 217, 168, 10, 158, 25, 147, 179, 96, 192, 96, 24, 45, 218, 94, 141, 62], [46, 18, 49, 30, 252, 95, 109, 105, 124, 55, 59, 160, 234, 226, 186, 21, 200, 136, 248, 63, 85, 76, 102, 7, 55, 84, 1, 8, 247, 114, 207, 4], [24, 153, 2, 252, 54, 51, 118, 103, 173, 185, 249, 253, 226, 228, 149, 188, 170, 109, 119, 250, 12, 156, 90, 182, 5, 75, 199, 87, 114, 2, 161, 210], [102, 85, 126, 220, 7, 192, 125, 7, 117, 149, 99, 212, 203, 178, 8, 225, 188, 15, 74, 125, 235, 187, 227, 73, 133, 161, 170, 130, 41, 160, 161, 139], ['
[DEBUG] Received 0x590 bytes:
    '143, 118, 19, 206, 192, 229, 149, 216, 154, 229, 180, 244, 204, 0, 193, 129, 138, 142, 191, 210, 157, 68, 70, 113, 61, 42, 68, 247, 124, 40, 65, 187]], [[113, 3, 108, 188, 148, 188, 15, 107, 35, 41, 51, 59, 238, 213, 75, 140, 222, 134, 60, 53, 68, 180, 132, 254, 47, 124, 206, 221, 111, 37, 160, 130], [164, 35, 34, 145, 19, 110, 161, 249, 84, 113, 115, 12, 157, 124, 105, 97, 219, 206, 39, 176, 124, 113, 138, 124, 40, 76, 164, 122, 132, 162, 2, 54], [8, 170, 72, 149, 124, 125, 48, 134, 192, 137, 32, 179, 6, 59, 227, 141, 71, 182, 105, 228, 69, 164, 206, 148, 79, 157, 113, 217, 111, 253, 165, 119], [116, 159, 7, 96, 87, 209, 234, 153, 18, 222, 182, 39, 92, 174, 196, 8, 114, 207, 104, 227, 110, 49, 22, 249, 73, 98, 12, 123, 252, 177, 195, 228], [65, 212, 66, 187, 221, 221, 164, 37, 214, 121, 15, 125, 136, 199, 89, 225, 129, 213, 235, 71, 61, 187, 233, 16, 88, 17, 116, 140, 110, 195, 174, 173], [114, 39, 86, 114, 86, 12, 95, 36, 11, 73, 179, 91, 243, 173, 184, 63, 73, 202, 162, 13, 146, 165, 208, 120, 171, 122, 143, 5, 141, 244, 87, 131], [202, 172, 135, 252, 174, 32, 134, 199, 165, 223, 208, 186, 95, 194, 180, 4, 120, 84, 236, 250, 30, 227, 26, 14, 244, 144, 117, 176, 72, 93, 195, 253], [97, 6, 219, 144, 180, 161, 37, 42, 21, 214, 107, 83, 113, 89, 9, 134, 157, 113, 178, 150, 233, 104, 46, 235, 191, 132, 104, 230, 136, 249, 195, 217], [52, 184, 40, 29, 16, 37, 135, 65, 138, 0, 220, 211, 133, 46, 252, 166,'
[DEBUG] Received 0x590 bytes:
    ' 183, 8, 206, 138, 30, 188, 202, 224, 176, 226, 236, 97, 62, 166, 106, 250], [171, 203, 47, 56, 80, 174, 22, 184, 231, 59, 72, 35, 245, 60, 11, 111, 82, 186, 185, 3, 124, 223, 67, 58, 58, 184, 152, 191, 52, 8, 69, 120], [107, 64, 83, 0, 64, 114, 68, 149, 39, 184, 112, 237, 213, 186, 163, 115, 248, 108, 138, 143, 16, 176, 167, 113, 216, 64, 70, 38, 18, 19, 173, 30], [231, 90, 196, 30, 10, 115, 68, 170, 171, 7, 177, 140, 14, 253, 220, 16, 39, 243, 207, 80, 211, 195, 13, 78, 242, 209, 90, 69, 89, 171, 210, 143], [187, 76, 22, 148, 181, 78, 253, 196, 46, 239, 235, 220, 159, 62, 228, 198, 72, 49, 184, 75, 7, 59, 189, 53, 133, 190, 63, 17, 245, 154, 209, 142], [239, 238, 136, 168, 254, 45, 94, 238, 206, 82, 134, 141, 240, 233, 147, 100, 8, 127, 82, 125, 61, 94, 221, 115, 173, 169, 225, 160, 211, 11, 45, 67], [59, 237, 169, 27, 250, 250, 206, 108, 228, 81, 157, 200, 70, 65, 205, 24, 253, 215, 194, 244, 73, 204, 45, 132, 242, 60, 179, 187, 36, 156, 47, 146], [72, 48, 177, 214, 63, 227, 84, 214, 113, 84, 15, 242, 216, 135, 151, 40, 252, 199, 114, 212, 59, 20, 134, 63, 245, 189, 226, 138, 235, 92, 108, 6], [206, 200, 220, 179, 38, 255, 172, 75, 230, 213, 145, 30, 78, 198, 68, 1, 79, 110, 227, 139, 171, 129, 234, 241, 6, 147, 175, 134, 96, 117, 229, 172], [144, 56, 92, 67, 228, 206, 85, 51, 220, 48, 28, 215, 170, 87, 241, 111, 116, 28, 1, 49, 108, 230, 17, 112, 244, 247, 66, 103, 80, 158, 78, 26], [53, 3, 7, 128'
[DEBUG] Received 0x590 bytes:
    ', 141, 191, 71, 139, 22, 248, 29, 220, 184, 231, 200, 74, 246, 188, 55, 148, 157, 52, 182, 21, 74, 14, 207, 19, 156, 218, 85, 63], [169, 68, 163, 36, 221, 155, 108, 203, 231, 142, 106, 241, 200, 167, 173, 122, 108, 190, 67, 86, 30, 239, 117, 250, 36, 224, 172, 39, 203, 227, 207, 162], [160, 34, 126, 54, 250, 255, 41, 65, 183, 132, 195, 227, 160, 145, 62, 131, 216, 177, 64, 254, 146, 173, 236, 133, 205, 163, 53, 185, 155, 172, 193, 85], [99, 252, 53, 44, 189, 201, 76, 238, 206, 178, 15, 63, 22, 41, 157, 2, 130, 131, 68, 51, 208, 51, 243, 219, 210, 164, 126, 53, 43, 176, 247, 30], [223, 168, 118, 136, 250, 223, 3, 10, 236, 164, 205, 187, 197, 197, 97, 186, 255, 80, 241, 180, 246, 242, 95, 216, 137, 150, 13, 122, 61, 43, 210, 23], [191, 29, 91, 219, 144, 215, 232, 212, 236, 227, 50, 214, 149, 156, 229, 157, 33, 139, 191, 224, 39, 62, 243, 48, 76, 243, 72, 102, 197, 90, 194, 103], [13, 60, 161, 167, 7, 220, 209, 28, 51, 187, 215, 152, 167, 124, 158, 181, 202, 161, 56, 138, 225, 190, 63, 83, 23, 250, 145, 252, 89, 52, 194, 17], [13, 134, 146, 225, 99, 5, 119, 80, 92, 39, 188, 178, 222, 235, 73, 171, 42, 113, 231, 31, 140, 2, 151, 249, 192, 177, 243, 83, 217, 221, 121, 87], [20, 243, 234, 200, 236, 213, 85, 129, 46, 163, 157, 80, 94, 242, 142, 219, 115, 210, 94, 58, 180, 209, 185, 40, 127, 123, 221, 176, 116, 127, 108, 249], [21, 125, 79, 119, 233, 177, 252, 235, 151, 79, 135, 16, 150, 250, 185, 233, 110, 2'
[DEBUG] Received 0x590 bytes:
    '04, 237, 49, 226, 241, 177, 254, 36, 241, 245, 133, 199, 5, 159, 23], [159, 42, 148, 204, 216, 224, 195, 52, 67, 145, 118, 0, 67, 122, 45, 27, 168, 7, 6, 225, 179, 69, 156, 212, 17, 71, 166, 115, 126, 75, 96, 178], [159, 106, 173, 176, 161, 52, 206, 89, 198, 55, 78, 203, 232, 116, 229, 244, 178, 70, 9, 188, 166, 72, 209, 73, 245, 100, 118, 44, 4, 239, 103, 252], [91, 160, 12, 63, 126, 107, 116, 31, 143, 16, 70, 174, 166, 84, 175, 132, 220, 32, 115, 9, 75, 78, 115, 64, 154, 252, 172, 86, 143, 116, 102, 213], [82, 128, 177, 36, 180, 86, 201, 62, 152, 53, 24, 56, 211, 110, 92, 93, 104, 4, 20, 76, 246, 11, 244, 78, 176, 212, 119, 126, 243, 28, 102, 200]], [[193, 63, 119, 26, 223, 30, 227, 54, 110, 86, 164, 250, 30, 133, 200, 62, 255, 72, 34, 49, 251, 2, 35, 173, 146, 4, 116, 92, 175, 130, 117, 101], [40, 26, 74, 147, 57, 138, 1, 208, 81, 104, 26, 130, 176, 21, 180, 217, 243, 39, 40, 1, 8, 39, 5, 83, 125, 18, 151, 25, 114, 165, 172, 117], [193, 200, 154, 30, 183, 255, 46, 73, 117, 254, 9, 72, 2, 87, 231, 81, 123, 114, 131, 170, 67, 83, 17, 128, 151, 30, 156, 211, 11, 197, 100, 207], [128, 141, 3, 175, 209, 97, 200, 234, 55, 165, 65, 138, 179, 126, 151, 208, 188, 124, 77, 70, 90, 247, 219, 113, 135, 219, 16, 188, 157, 93, 48, 157], [124, 232, 102, 27, 182, 146, 159, 172, 213, 167, 106, 185, 206, 198, 65, 136, 29, 106, 151, 62, 249, 172, 74, 7, 251, 151, 247, 3, 150, 247, 109, 124], [129, 113, 79, 45, 99, 11'
[DEBUG] Received 0x590 bytes:
    '7, 206, 83, 233, 115, 139, 54, 37, 231, 8, 187, 40, 67, 203, 41, 196, 4, 149, 135, 52, 159, 18, 197, 75, 152, 49, 97], [120, 51, 186, 173, 219, 218, 68, 115, 27, 143, 148, 237, 189, 197, 157, 85, 234, 57, 60, 189, 0, 105, 22, 165, 44, 248, 164, 141, 119, 140, 34, 179], [239, 82, 181, 80, 111, 65, 18, 13, 39, 229, 201, 139, 94, 145, 36, 214, 8, 210, 176, 98, 112, 254, 32, 151, 136, 117, 247, 22, 161, 76, 83, 82], [125, 90, 242, 65, 77, 0, 6, 205, 253, 20, 57, 41, 143, 169, 10, 91, 141, 208, 169, 133, 107, 78, 36, 42, 162, 39, 2, 36, 7, 11, 112, 48], [185, 211, 38, 46, 134, 149, 217, 170, 129, 154, 206, 112, 40, 246, 245, 141, 176, 236, 52, 149, 169, 123, 92, 91, 138, 82, 50, 234, 0, 95, 141, 50], [29, 170, 195, 126, 212, 58, 101, 56, 121, 19, 196, 5, 102, 5, 171, 248, 168, 221, 47, 23, 26, 224, 104, 198, 177, 103, 222, 26, 28, 154, 35, 124], [150, 97, 95, 178, 238, 92, 251, 206, 192, 141, 105, 37, 12, 13, 236, 218, 18, 253, 116, 233, 151, 207, 5, 5, 65, 147, 225, 149, 44, 105, 77, 192], [187, 208, 117, 234, 40, 167, 150, 81, 151, 25, 186, 129, 255, 174, 153, 232, 150, 109, 47, 254, 120, 92, 229, 207, 218, 22, 176, 207, 110, 181, 188, 115], [247, 27, 143, 222, 115, 152, 100, 156, 130, 158, 42, 71, 232, 99, 116, 196, 2, 151, 163, 150, 74, 133, 92, 164, 92, 186, 225, 64, 37, 28, 40, 27], [226, 162, 148, 33, 61, 123, 240, 24, 82, 240, 209, 115, 236, 121, 211, 225, 20, 157, 140, 248, 43, 22, 25, 179, 4, 175'
[DEBUG] Received 0x590 bytes:
    ', 67, 43, 215, 158, 152, 40], [59, 23, 102, 203, 29, 89, 114, 124, 219, 115, 82, 186, 26, 80, 211, 197, 14, 98, 50, 67, 195, 101, 226, 160, 125, 99, 54, 135, 20, 113, 37, 213], [183, 162, 223, 255, 82, 213, 141, 159, 115, 57, 174, 45, 136, 106, 89, 146, 251, 161, 243, 114, 207, 145, 36, 76, 85, 108, 119, 5, 72, 142, 42, 245], [47, 250, 246, 197, 109, 170, 162, 52, 193, 14, 47, 155, 99, 208, 7, 59, 44, 128, 221, 158, 170, 205, 215, 72, 107, 183, 199, 53, 194, 108, 245, 170], [140, 187, 104, 94, 9, 77, 80, 174, 124, 31, 59, 106, 211, 235, 97, 61, 220, 150, 79, 121, 138, 31, 121, 226, 196, 3, 10, 84, 10, 47, 199, 109], [116, 251, 49, 234, 53, 197, 70, 139, 18, 108, 226, 34, 106, 190, 117, 149, 201, 222, 255, 195, 128, 174, 164, 0, 19, 172, 15, 24, 145, 201, 254, 221], [124, 68, 99, 115, 239, 31, 47, 37, 109, 10, 99, 25, 60, 138, 1, 238, 88, 170, 205, 8, 31, 7, 143, 223, 130, 145, 12, 178, 121, 20, 77, 206], [141, 241, 125, 190, 190, 85, 225, 226, 45, 164, 89, 118, 25, 112, 75, 98, 45, 114, 123, 165, 10, 44, 140, 184, 189, 140, 14, 131, 149, 135, 145, 255], [159, 13, 208, 239, 68, 187, 36, 0, 89, 73, 230, 237, 80, 32, 102, 10, 206, 144, 173, 149, 37, 157, 37, 239, 166, 139, 54, 221, 23, 252, 68, 19], [16, 2, 86, 171, 213, 196, 160, 201, 207, 105, 185, 53, 65, 57, 235, 153, 16, 73, 126, 2, 243, 185, 45, 84, 97, 110, 48, 200, 144, 33, 211, 175], [111, 218, 12, 137, 219, 165, 28, 205, 75, 42, 3, 193, 47, 227'
[DEBUG] Received 0x1000 bytes:
    ', 48, 1, 9, 194, 196, 168, 58, 36, 200, 54, 230, 245, 224, 214, 223, 20, 204, 144], [9, 241, 3, 226, 195, 202, 111, 45, 254, 165, 229, 185, 40, 236, 62, 243, 249, 209, 46, 77, 164, 119, 93, 188, 159, 202, 239, 14, 255, 67, 154, 96], [216, 187, 110, 113, 140, 193, 232, 39, 149, 22, 54, 218, 47, 230, 155, 200, 182, 12, 120, 88, 133, 232, 196, 102, 206, 216, 93, 60, 13, 40, 4, 203], [193, 19, 217, 59, 130, 126, 137, 35, 211, 124, 166, 117, 180, 81, 203, 81, 35, 196, 89, 39, 63, 50, 119, 195, 158, 251, 106, 129, 149, 5, 10, 97], [74, 146, 209, 33, 131, 52, 202, 139, 70, 1, 153, 138, 252, 55, 125, 138, 113, 91, 39, 59, 148, 120, 58, 128, 3, 152, 143, 197, 189, 246, 238, 229], [80, 203, 149, 92, 17, 225, 186, 106, 131, 50, 191, 180, 97, 216, 173, 249, 9, 102, 247, 189, 164, 205, 235, 87, 182, 19, 165, 29, 125, 182, 186, 153], [232, 119, 61, 97, 237, 80, 254, 173, 191, 21, 178, 188, 86, 182, 112, 27, 196, 216, 2, 19, 186, 2, 98, 25, 32, 87, 239, 234, 107, 13, 212, 243], [182, 68, 104, 223, 167, 41, 24, 199, 61, 29, 167, 35, 147, 31, 166, 144, 168, 210, 239, 231, 164, 123, 63, 216, 243, 221, 115, 125, 37, 63, 98, 124]], [[33, 193, 220, 245, 219, 212, 227, 205, 247, 91, 74, 26, 229, 163, 166, 111, 154, 73, 36, 3, 86, 234, 180, 20, 186, 49, 87, 94, 81, 41, 239, 1], [55, 80, 99, 100, 64, 199, 118, 221, 75, 1, 233, 228, 170, 156, 211, 62, 151, 115, 33, 223, 79, 202, 60, 127, 4, 214, 158, 7, 161, 58, 43, 13], [226, 14, 137, 69, 112, 103, 231, 143, 37, 74, 113, 133, 76, 4, 178, 220, 196, 167, 218, 191, 217, 207, 115, 54, 213, 91, 209, 231, 86, 101, 114, 169], [168, 188, 255, 72, 59, 166, 120, 189, 77, 154, 60, 7, 39, 6, 66, 129, 145, 132, 249, 84, 119, 164, 70, 88, 202, 49, 163, 29, 101, 124, 77, 246], [93, 134, 90, 43, 235, 143, 234, 2, 225, 65, 157, 223, 47, 232, 232, 65, 244, 192, 177, 211, 113, 156, 243, 193, 138, 68, 66, 20, 81, 32, 32, 227], [29, 213, 189, 75, 207, 87, 79, 191, 62, 99, 13, 84, 238, 192, 109, 127, 208, 81, 142, 106, 87, 74, 86, 158, 26, 7, 70, 72, 55, 144, 21, 120], [183, 136, 111, 25, 29, 96, 37, 123, 132, 189, 190, 226, 217, 14, 0, 169, 1, 96, 75, 200, 95, 28, 66, 61, 228, 25, 166, 53, 78, 223, 210, 119], [190, 161, 50, 141, 98, 61, 80, 244, 180, 13, 200, 197, 247, 242, 50, 51, 24, 177, 101, 142, 75, 184, 159, 193, 49, 75, 133, 43, 74, 198, 112, 38], [119, 43, 175, 120, 18, 75, 153, 115, 90, 78, 70, 167, 28, 54, 0, 117, 176, 12, 145, 197, 222, 144, 124, 194, 158, 94, 111, 0, 240, 71, 142, 249], [25, 59, 216, 214, 84, 77, 116, 239, 154, 43, 49, 173, 207, 162, 235, 44, 197, 20, 81, 67, 145, 234, 24, 122, 109, 212, 56, 188, 112, 146, 48, 42], [144, 212, 27, 197, 144, 174, 173, 7, 170, 234, 126, 126, 127, 36, 145, 101, 69, 162, 168, 24, 51, 103, 44, 204, 79, 153, 99, 182, 30, 37, 104, 143], [231, 165, 45, 250, 206, 104, 187, 161, 156, 143, 214, 97, 141, 136, 112, 28, 230, 222, 86, 170, 60, 74, 34, 246, 122, 22, 209, 2, 0, 129, 84, 65], [114, 134, 140, 20, 193, 60, 165, 145, 207, 138, 54, 190, 75, 63, 154, 22, 125, 195, 170, 222, 127, 23, 219, 17, 116, 160, 39, 56, 101, 169, 77, 79], [115, 66, 6, 66, 202, 35, 182, 86, 116, 217, 23, 204, 246, 56, 252, 135, 131, 45, 11, 12, 11, 253, 111, 166, 88, 71, 255, 60, 133, 46, 204, 178], [63, 230, 176, 157, 62, 222, 1, 10, 119, 79, 141, 28, 250, 253, 237, 48, 161, 195, 233, 89, 252, 176, 138, 35, 184, 172, 241, 247, 165, 233, 33, 49], [54, 99, 130, 185, 102, 106, 79, 187, 21, 242, 188, 105, 94, 182, 191, 123, 240, 65, 1, 236, 72, 55, 55, 168, 62, 88, 2, 131, 250, 175, 156, 120], [243, 74, 14, 44, 1, 107, 71, 152, 19, 11, 192, 39, 131, 250, 225, 237, 7, 111, 42, 180, 241, 254, 122, 152, 132, 161, 175, 171, 4, 229, 54, 137], [120, 180, 85, 254, 4, 60, 179, 244, 50, 248, 183, 139, 26, 226, 105, 21, 29, 30, 102, 71, 41, 230, 76, 182, 128, 186, 68, 124, 89, 60, 239, 217], [164, 138, 233, 118, 132, 191, 221, 138, 68, 79, 152, 231, 220, 106, 107, 156, 22, 19, 29, 153, 140, 172, 212, 150, 157, 69, 247, 160, 106, 148, 140, 116], [205, 138, 164, 128, 14, 70, 242, 166, 64, 49, 224, 105, 74, 16, 244, 203, 253, 10, 204, 5, 137, 59, 198, 60, 15, 224, 118, 114, 61, 85, 107, 252], [3, 98, 201'
[DEBUG] Received 0x1000 bytes:
    ', 79, 23, 135, 244, 99, 176, 9, 242, 156, 129, 200, 217, 11, 43, 135, 252, 13, 64, 153, 107, 134, 61, 198, 18, 162, 57, 194, 145, 230], [44, 142, 142, 109, 68, 67, 25, 82, 130, 238, 65, 113, 201, 238, 98, 120, 126, 241, 150, 203, 200, 81, 125, 89, 170, 31, 241, 106, 78, 52, 173, 38], [241, 130, 224, 220, 165, 237, 188, 66, 205, 154, 126, 70, 67, 142, 157, 2, 247, 71, 49, 78, 44, 205, 11, 86, 28, 238, 157, 50, 244, 72, 54, 14], [65, 104, 247, 66, 14, 103, 61, 110, 6, 253, 230, 149, 48, 102, 200, 229, 176, 34, 213, 28, 113, 134, 136, 103, 50, 72, 146, 255, 143, 90, 20, 245], [108, 149, 70, 87, 250, 211, 105, 87, 23, 171, 153, 129, 156, 184, 13, 106, 144, 84, 133, 28, 172, 91, 231, 31, 245, 93, 192, 155, 222, 209, 139, 251], [187, 149, 209, 119, 155, 174, 76, 96, 142, 92, 96, 82, 225, 220, 130, 172, 99, 231, 2, 5, 66, 160, 67, 221, 28, 213, 147, 21, 253, 87, 85, 69], [225, 72, 45, 17, 204, 95, 223, 36, 22, 34, 150, 21, 156, 107, 41, 40, 35, 43, 115, 83, 202, 125, 33, 68, 189, 57, 17, 35, 137, 136, 175, 111], [103, 216, 23, 188, 157, 59, 234, 229, 18, 47, 73, 49, 87, 144, 253, 76, 50, 216, 65, 223, 162, 127, 193, 169, 97, 161, 53, 160, 138, 45, 246, 118], [162, 99, 251, 120, 133, 10, 220, 112, 53, 47, 41, 223, 226, 85, 115, 162, 241, 75, 113, 138, 130, 27, 151, 43, 187, 203, 114, 226, 239, 192, 210, 243], [55, 29, 244, 20, 200, 100, 200, 191, 217, 201, 219, 223, 179, 219, 154, 234, 203, 0, 234, 244, 80, 207, 60, 173, 218, 164, 255, 175, 2, 27, 17, 237], [254, 181, 170, 227, 217, 7, 151, 6, 142, 169, 128, 137, 94, 101, 167, 215, 6, 63, 163, 170, 112, 1, 185, 113, 214, 187, 222, 150, 188, 222, 22, 236], [88, 221, 240, 150, 240, 132, 189, 216, 154, 251, 49, 172, 150, 21, 207, 160, 100, 209, 233, 28, 15, 219, 36, 41, 77, 59, 123, 11, 170, 129, 197, 117]], [[0, 56, 207, 190, 208, 216, 135, 4, 132, 246, 7, 120, 157, 113, 123, 195, 120, 25, 62, 205, 23, 203, 135, 6, 22, 134, 145, 215, 81, 45, 4, 206], [136, 118, 248, 209, 56, 43, 195, 164, 203, 98, 3, 39, 0, 214, 49, 125, 159, 4, 95, 164, 153, 226, 232, 82, 109, 33, 184, 187, 14, 26, 234, 76], [222, 240, 254, 55, 120, 74, 180, 19, 22, 235, 159, 19, 139, 13, 101, 180, 232, 129, 13, 117, 90, 133, 207, 178, 210, 59, 224, 75, 129, 45, 79, 11], [248, 232, 56, 10, 239, 204, 178, 247, 180, 9, 20, 210, 228, 49, 221, 163, 143, 29, 75, 202, 212, 10, 247, 69, 41, 133, 88, 253, 13, 2, 72, 68], [56, 63, 7, 39, 86, 39, 88, 109, 134, 255, 22, 155, 135, 205, 105, 130, 32, 158, 106, 111, 169, 152, 78, 211, 186, 201, 62, 95, 110, 159, 176, 248], [129, 205, 13, 50, 191, 99, 124, 146, 44, 122, 47, 108, 107, 189, 6, 80, 157, 5, 239, 220, 30, 193, 140, 40, 216, 177, 178, 118, 130, 98, 227, 50], [131, 177, 104, 66, 195, 125, 45, 163, 27, 5, 57, 210, 86, 117, 92, 245, 85, 100, 207, 221, 226, 54, 51, 200, 252, 64, 155, 102, 101, 31, 124, 217], [37, 158, 196, 72, 5, 209, 12, 154, 242, 60, 180, 77, 237, 11, 216, 80, 16, 4, 126, 13, 73, 168, 204, 51, 34, 132, 168, 104, 159, 32, 220, 183], [165, 38, 249, 245, 201, 10, 19, 131, 115, 183, 114, 116, 169, 234, 252, 209, 77, 182, 132, 56, 189, 167, 125, 184, 186, 142, 249, 18, 49, 108, 22, 173], [209, 21, 238, 107, 160, 175, 156, 7, 89, 33, 238, 133, 77, 80, 207, 193, 51, 236, 31, 136, 254, 141, 97, 79, 96, 222, 177, 234, 255, 125, 204, 157], [231, 52, 183, 223, 130, 253, 132, 146, 188, 194, 137, 101, 203, 44, 191, 195, 62, 102, 85, 236, 170, 2, 235, 197, 210, 29, 213, 94, 185, 25, 27, 220], [245, 174, 246, 163, 138, 133, 138, 193, 129, 17, 127, 32, 191, 238, 10, 27, 118, 39, 242, 78, 254, 220, 213, 229, 90, 225, 161, 2, 235, 202, 183, 14], [199, 11, 36, 226, 43, 46, 47, 132, 74, 142, 100, 30, 119, 76, 237, 54, 13, 86, 91, 254, 46, 123, 127, 169, 143, 195, 155, 135, 120, 190, 213, 171], [231, 102, 40, 211, 9, 139, 127, 106, 144, 26, 187, 160, 196, 43, 82, 199, 6, 103, 81, 96, 100, 210, 179, 249, 19, 91, 132, 178, 227, 230, 233, 42], [20, 119, 37, 76, 202, 200, 254, 78, 78, 202, 72, 164, 163, 168, 69, 120, 2, 109, 238, 24, 226, 105, 215, 231, 166, 196, 118, 211, 171, 79, 33, 15], [22, 125, 208, 195, 65, 21, 99, 211, 66, 120, 71, 249, 8, 229, 244, 69, 96, 134, 82, 40'
[DEBUG] Received 0x1000 bytes:
    ', 106, 198, 9, 244, 7, 16, 84, 70, 36, 252, 157, 114], [49, 7, 221, 209, 244, 21, 10, 51, 25, 217, 208, 172, 197, 166, 17, 113, 158, 156, 200, 188, 6, 42, 16, 171, 147, 5, 45, 10, 157, 39, 130, 118], [80, 38, 202, 107, 200, 238, 123, 90, 213, 35, 33, 13, 5, 255, 120, 239, 3, 132, 45, 204, 120, 5, 166, 237, 48, 236, 172, 105, 226, 205, 30, 31], [148, 15, 4, 142, 18, 184, 177, 35, 230, 104, 31, 54, 60, 169, 134, 136, 187, 65, 252, 54, 158, 249, 31, 186, 203, 169, 9, 68, 111, 123, 177, 176], [141, 214, 210, 153, 167, 16, 196, 14, 138, 246, 154, 107, 121, 24, 250, 151, 73, 106, 254, 230, 225, 144, 60, 130, 210, 60, 218, 130, 113, 166, 70, 148], [229, 235, 28, 214, 211, 28, 92, 220, 27, 195, 49, 28, 204, 19, 33, 240, 19, 28, 202, 44, 85, 106, 9, 58, 250, 181, 59, 127, 96, 50, 1, 220], [40, 212, 133, 28, 224, 173, 96, 99, 91, 184, 201, 170, 206, 193, 59, 169, 67, 45, 0, 21, 137, 93, 189, 171, 16, 215, 140, 223, 221, 115, 182, 1], [79, 209, 59, 106, 71, 117, 38, 198, 100, 171, 76, 213, 31, 212, 177, 171, 10, 235, 40, 93, 175, 26, 167, 209, 98, 30, 15, 103, 187, 234, 136, 71], [32, 95, 88, 45, 24, 26, 44, 142, 154, 173, 13, 74, 31, 89, 150, 31, 170, 108, 156, 165, 192, 200, 3, 172, 141, 147, 17, 156, 210, 82, 43, 183], [185, 137, 231, 185, 38, 44, 146, 61, 193, 185, 69, 81, 26, 118, 124, 233, 112, 226, 116, 218, 14, 55, 67, 151, 253, 141, 166, 41, 220, 142, 145, 15], [138, 212, 126, 229, 223, 2, 253, 81, 226, 8, 230, 88, 84, 137, 146, 167, 39, 23, 88, 171, 179, 112, 60, 171, 97, 253, 47, 62, 93, 114, 163, 248], [41, 198, 137, 146, 198, 172, 99, 188, 68, 4, 54, 127, 192, 178, 46, 21, 72, 48, 95, 153, 126, 237, 192, 39, 179, 184, 63, 43, 249, 167, 228, 77], [216, 122, 62, 51, 34, 129, 232, 19, 24, 25, 40, 204, 82, 23, 184, 79, 129, 216, 194, 115, 214, 83, 43, 133, 136, 78, 49, 24, 241, 2, 184, 147], [244, 163, 34, 53, 108, 207, 143, 127, 78, 41, 60, 254, 97, 32, 245, 136, 234, 251, 124, 200, 201, 254, 247, 237, 86, 120, 166, 114, 96, 249, 123, 193], [36, 84, 171, 205, 84, 217, 48, 74, 199, 193, 232, 42, 58, 81, 87, 251, 40, 223, 2, 117, 185, 220, 62, 36, 191, 18, 46, 41, 255, 38, 58, 92], [65, 95, 93, 157, 204, 191, 43, 151, 91, 104, 252, 135, 21, 119, 93, 146, 131, 174, 131, 17, 46, 233, 44, 111, 98, 253, 21, 47, 172, 115, 1, 139], [102, 50, 70, 68, 48, 68, 187, 178, 148, 240, 129, 27, 190, 193, 158, 242, 55, 181, 66, 229, 36, 125, 195, 235, 238, 253, 37, 24, 118, 54, 18, 130]], [[179, 188, 182, 77, 47, 107, 127, 14, 232, 178, 253, 170, 229, 43, 217, 186, 63, 120, 222, 71, 3, 130, 207, 218, 144, 138, 27, 20, 182, 29, 143, 19], [71, 86, 163, 206, 242, 78, 21, 129, 181, 17, 28, 192, 228, 167, 95, 16, 155, 24, 164, 114, 205, 90, 243, 221, 72, 104, 255, 179, 102, 243, 219, 27], [153, 139, 127, 115, 146, 109, 114, 241, 90, 95, 8, 103, 59, 91, 221, 233, 66, 193, 233, 118, 105, 219, 100, 8, 150, 229, 13, 158, 103, 214, 196, 72], [243, 131, 243, 79, 207, 91, 185, 148, 35, 66, 172, 87, 182, 81, 62, 66, 106, 230, 248, 253, 27, 73, 77, 195, 137, 107, 79, 60, 88, 65, 76, 171], [192, 200, 147, 255, 204, 200, 185, 87, 149, 208, 137, 141, 14, 101, 171, 124, 216, 91, 66, 157, 35, 102, 53, 151, 213, 119, 194, 42, 204, 52, 140, 127], [136, 12, 46, 215, 169, 245, 245, 203, 178, 192, 211, 159, 197, 136, 50, 10, 180, 221, 233, 52, 92, 7, 243, 30, 112, 166, 2, 143, 178, 47, 47, 151], [178, 44, 152, 127, 207, 22, 127, 108, 151, 28, 7, 6, 81, 254, 54, 199, 148, 122, 53, 144, 62, 51, 184, 250, 236, 99, 130, 211, 187, 193, 177, 31], [215, 123, 94, 120, 106, 153, 74, 194, 82, 44, 145, 79, 5, 104, 17, 194, 81, 161, 130, 69, 108, 160, 36, 229, 211, 31, 239, 26, 243, 56, 202, 213], [175, 117, 158, 82, 222, 159, 81, 9, 231, 78, 169, 151, 197, 11, 145, 196, 243, 114, 80, 36, 202, 77, 155, 82, 153, 205, 115, 213, 129, 68, 32, 46], [62, 146, 35, 238, 218, 90, 20, 227, 218, 114, 28, 252, 244, 122, 19, 70, 166, 123, 183, 73, 249, 9, 28, 61, 185, 128, 225, 89, 254, 159, 120, 15], [254, 98, 217, 190, 8, 206, 50, 148, 221, 240, 129, 136, 228, 237, 109, 254, 61, 119, 78, 131, 105, 3, 157, 73, 52, 136, 140, 227, 107, 212, 242, 249], [176, 219, 185, 147, 28, 210, 103, 19'
[DEBUG] Received 0xd30 bytes:
    '1, 13, 234, 67, 2, 164, 80, 207, 144, 85, 193, 88, 23, 249, 133, 216, 87, 140, 48, 26, 74, 199, 70, 171, 11], [151, 88, 201, 214, 6, 208, 250, 213, 136, 172, 131, 78, 23, 198, 202, 93, 101, 156, 115, 109, 157, 155, 187, 187, 233, 198, 198, 190, 198, 54, 112, 48], [99, 197, 153, 233, 90, 18, 70, 235, 77, 165, 187, 136, 135, 197, 165, 149, 129, 130, 181, 248, 103, 251, 166, 27, 77, 144, 176, 70, 41, 39, 227, 142], [34, 147, 120, 74, 134, 217, 5, 249, 211, 132, 137, 120, 177, 235, 222, 94, 229, 204, 196, 189, 92, 209, 215, 155, 4, 37, 16, 175, 5, 3, 81, 11], [16, 93, 128, 53, 56, 53, 247, 83, 44, 252, 230, 181, 56, 35, 209, 146, 52, 159, 122, 211, 208, 43, 20, 182, 111, 91, 188, 15, 122, 239, 126, 93], [244, 253, 70, 44, 119, 230, 14, 255, 166, 201, 166, 248, 196, 73, 133, 47, 104, 224, 151, 90, 103, 116, 247, 191, 228, 62, 130, 165, 77, 116, 58, 25], [123, 148, 215, 171, 13, 84, 43, 63, 34, 253, 107, 134, 226, 191, 0, 167, 219, 69, 38, 52, 201, 15, 151, 238, 156, 194, 215, 174, 241, 99, 218, 151], [94, 120, 211, 212, 27, 200, 209, 159, 194, 129, 189, 87, 224, 247, 45, 228, 155, 252, 187, 157, 14, 125, 155, 134, 6, 243, 10, 117, 218, 130, 3, 228], [41, 189, 60, 112, 82, 189, 237, 57, 157, 163, 251, 55, 127, 55, 45, 222, 207, 213, 226, 112, 207, 103, 45, 178, 44, 181, 217, 94, 109, 155, 220, 161], [25, 166, 150, 206, 12, 156, 204, 52, 6, 210, 49, 194, 169, 179, 112, 132, 19, 12, 158, 33, 172, 181, 237, 59, 35, 238, 169, 193, 227, 236, 175, 230], [177, 212, 156, 113, 124, 230, 161, 22, 16, 126, 196, 49, 191, 45, 43, 235, 178, 138, 141, 162, 225, 146, 178, 1, 182, 209, 203, 129, 62, 13, 58, 39], [145, 223, 6, 127, 14, 81, 206, 114, 70, 43, 210, 25, 22, 67, 177, 211, 136, 191, 124, 114, 10, 84, 220, 74, 234, 159, 218, 253, 199, 190, 37, 38], [80, 176, 48, 112, 5, 177, 173, 195, 68, 195, 86, 29, 39, 165, 35, 8, 208, 86, 247, 43, 99, 15, 255, 240, 180, 199, 13, 12, 0, 217, 230, 65], [180, 97, 98, 159, 173, 153, 187, 246, 60, 43, 62, 50, 6, 168, 79, 78, 1, 69, 111, 194, 241, 87, 6, 137, 108, 222, 202, 113, 64, 101, 201, 97], [242, 237, 233, 202, 101, 48, 213, 17, 213, 193, 105, 6, 161, 172, 136, 156, 235, 205, 161, 171, 165, 96, 195, 115, 201, 202, 108, 32, 72, 78, 85, 151], [99, 92, 185, 228, 115, 115, 243, 25, 231, 62, 20, 60, 110, 151, 183, 1, 121, 16, 161, 216, 71, 71, 235, 65, 244, 232, 32, 222, 52, 187, 199, 77], [66, 23, 169, 5, 82, 174, 88, 125, 11, 51, 68, 74, 38, 30, 71, 85, 60, 207, 95, 198, 255, 243, 21, 214, 106, 85, 186, 21, 123, 146, 171, 55], [39, 152, 124, 14, 92, 164, 186, 27, 7, 50, 240, 88, 90, 107, 80, 166, 3, 148, 25, 44, 251, 201, 38, 235, 115, 166, 178, 6, 8, 228, 83, 116], [190, 13, 211, 24, 126, 155, 185, 235, 82, 91, 56, 147, 29, 232, 210, 56, 6, 199, 195, 135, 138, 119, 221, 40, 24, 207, 195, 199, 6, 73, 180, 196], [169, 193, 174, 246, 177, 159, 169, 36, 34, 125, 121, 15, 40, 161, 137, 237, 205, 14, 44, 53, 53, 238, 178, 123, 29, 85, 228, 99, 71, 76, 170, 5], [69, 1, 138, 131, 237, 5, 88, 39, 95, 24, 130, 232, 122, 76, 255, 129, 7, 178, 96, 240, 5, 179, 253, 31, 31, 51, 222, 247, 176, 238, 205, 21]], [[234, 49, 25, 242, 57, 83, 22, 239, 125, 85, 64, 172, 205, 16, 164, 71, 10, 55, 24, 54, 248, 119, 150, 164, 108, 75, 98, 191, 71, 9, 126, 135], [72, 81, 179, 106, 27, 153, 3, 239, 117, 164, 190, 223, 146, 231, 104, 30, 29, 104, 145, 91, 146, 152, 235, 81, 148, 161, 253, 205, 3, 113, 25, 220], [80, 13'
[DEBUG] Received 0x1000 bytes:
    '3, 82, 93, 99, 21, 157, 112, 150, 70, 94, 5, 241, 132, 237, 201, 56, 39, 0, 8, 238, 57, 225, 74, 227, 230, 155, 41, 172, 225, 186, 31], [71, 226, 50, 27, 209, 196, 199, 115, 230, 119, 122, 136, 204, 71, 236, 5, 225, 27, 186, 237, 57, 220, 76, 191, 11, 137, 225, 43, 78, 165, 233, 224], [15, 226, 161, 180, 190, 38, 187, 134, 186, 247, 231, 231, 244, 159, 152, 172, 133, 59, 56, 97, 44, 9, 150, 155, 104, 185, 188, 67, 69, 68, 246, 32], [19, 6, 153, 185, 159, 241, 106, 164, 200, 13, 211, 87, 234, 50, 47, 168, 5, 102, 114, 77, 79, 203, 170, 108, 147, 7, 97, 228, 218, 172, 109, 24], [64, 232, 25, 70, 181, 175, 87, 218, 239, 146, 206, 44, 15, 176, 124, 246, 102, 222, 27, 84, 143, 186, 224, 26, 164, 186, 140, 25, 151, 198, 173, 224], [148, 21, 62, 142, 84, 70, 192, 44, 236, 80, 8, 114, 202, 149, 138, 241, 153, 89, 164, 172, 46, 146, 158, 122, 62, 91, 115, 103, 212, 58, 10, 99], [134, 78, 215, 161, 177, 73, 216, 116, 143, 188, 37, 214, 190, 61, 140, 60, 42, 138, 57, 86, 7, 57, 85, 22, 203, 77, 192, 181, 27, 182, 34, 53], [18, 186, 177, 80, 196, 13, 121, 84, 190, 144, 236, 72, 45, 2, 60, 125, 12, 60, 146, 104, 157, 229, 202, 162, 97, 232, 131, 121, 77, 252, 221, 7], [84, 199, 165, 185, 5, 192, 167, 208, 23, 204, 166, 78, 249, 172, 38, 7, 114, 2, 214, 136, 126, 249, 26, 144, 94, 204, 234, 160, 215, 240, 72, 96], [177, 209, 119, 183, 124, 112, 224, 132, 206, 216, 127, 56, 34, 128, 143, 49, 244, 253, 42, 72, 139, 63, 167, 103, 101, 168, 158, 155, 54, 34, 132, 186], [202, 183, 30, 157, 163, 156, 129, 52, 36, 39, 169, 177, 230, 141, 252, 19, 138, 97, 53, 38, 200, 51, 146, 245, 50, 5, 66, 37, 11, 57, 191, 150], [220, 250, 238, 86, 86, 247, 151, 35, 53, 89, 1, 191, 227, 157, 68, 105, 60, 46, 34, 20, 69, 172, 108, 240, 23, 229, 117, 59, 166, 85, 209, 243], [231, 224, 56, 78, 173, 231, 200, 220, 255, 163, 109, 35, 115, 170, 105, 206, 103, 76, 87, 183, 123, 83, 59, 102, 89, 39, 60, 157, 130, 200, 30, 24], [217, 11, 239, 199, 27, 230, 252, 96, 233, 3, 233, 45, 212, 30, 155, 41, 65, 105, 158, 219, 55, 81, 170, 222, 222, 233, 128, 156, 59, 197, 45, 59], [147, 185, 70, 35, 101, 107, 244, 206, 40, 109, 173, 213, 63, 111, 18, 161, 5, 97, 163, 186, 247, 18, 131, 211, 62, 55, 149, 54, 34, 147, 147, 155], [83, 214, 148, 32, 181, 193, 221, 235, 150, 19, 64, 231, 195, 61, 145, 80, 183, 99, 64, 91, 116, 55, 247, 35, 222, 224, 175, 154, 50, 204, 25, 131], [243, 88, 197, 108, 164, 34, 236, 17, 184, 94, 166, 207, 91, 185, 167, 140, 141, 55, 72, 181, 156, 30, 110, 119, 109, 253, 112, 99, 160, 141, 104, 5], [120, 246, 189, 114, 199, 70, 21, 108, 97, 27, 139, 179, 210, 243, 150, 176, 82, 229, 22, 37, 220, 188, 223, 18, 143, 66, 76, 180, 106, 89, 84, 19], [160, 106, 44, 157, 176, 66, 170, 46, 248, 45, 10, 179, 81, 238, 183, 100, 213, 147, 138, 3, 33, 220, 211, 171, 76, 17, 19, 25, 82, 75, 199, 166], [149, 101, 255, 91, 102, 35, 88, 18, 112, 76, 149, 200, 11, 109, 80, 135, 220, 57, 90, 4, 184, 70, 168, 205, 242, 21, 199, 203, 172, 192, 168, 246], [214, 128, 42, 146, 174, 244, 69, 129, 76, 114, 14, 249, 38, 86, 17, 172, 97, 143, 168, 139, 185, 32, 154, 153, 70, 134, 54, 15, 195, 230, 124, 57], [143, 116, 106, 46, 136, 106, 242, 36, 219, 61, 197, 26, 94, 250, 166, 232, 202, 214, 104, 247, 139, 119, 175, 54, 91, 243, 74, 11, 137, 24, 93, 42], [2, 208, 232, 228, 254, 24, 102, 194, 219, 11, 134, 210, 184, 86, 133, 106, 253, 38, 6, 178, 100, 109, 221, 75, 177, 244, 250, 58, 74, 151, 169, 103], [101, 148, 33, 55, 136, 135, 222, 199, 196, 240, 88, 142, 86, 218, 133, 223, 207, 247, 66, 95, 208, 167, 115, 244, 207, 137, 254, 175, 216, 191, 16, 254], [25, 217, 190, 57, 214, 193, 22, 1, 63, 190, 71, 121, 13, 134, 210, 189, 199, 255, 227, 217, 65, 27, 63, 143, 175, 98, 51, 219, 176, 127, 227, 212], [66, 118, 87, 10, 75, 100, 157, 194, 83, 158, 79, 183, 59, 56, 136, 112, 55, 241, 170, 217, 204, 138, 58, 221, 203, 61, 86, 6, 21, 107, 40, 4], [43, 80, 19, 227, 164, 4, 176, 166, 138, 140, 153, 79, 133, 200, 186, 149, 139, 94, 238, 127, 139, 72, 143, 143, 99, 250, 16, 220, 83, 230, 186, 225], [66, 203, 154, 213, 136, 150, 251, 181, 25, 2, 208, 245, 206, 225, 82, 114, 143, 14, 24'
[DEBUG] Received 0x1000 bytes:
    '3, 64, 121, 152, 154, 250, 26, 82, 100, 70, 146, 185, 197, 169], [44, 231, 55, 127, 34, 158, 160, 29, 174, 113, 194, 3, 105, 187, 44, 145, 139, 147, 33, 48, 3, 116, 23, 216, 149, 79, 220, 179, 173, 218, 171, 78], [88, 139, 50, 74, 52, 250, 185, 186, 182, 79, 110, 221, 13, 151, 136, 174, 106, 164, 146, 109, 125, 226, 76, 150, 92, 254, 84, 187, 80, 82, 189, 203]], [[235, 60, 155, 186, 57, 214, 182, 20, 38, 63, 140, 3, 108, 211, 8, 181, 41, 7, 185, 45, 104, 83, 95, 116, 129, 161, 162, 222, 204, 159, 68, 158], [53, 204, 107, 153, 4, 8, 250, 152, 208, 77, 191, 238, 119, 222, 225, 142, 172, 205, 182, 96, 245, 92, 173, 63, 77, 120, 74, 42, 140, 54, 200, 106], [28, 179, 113, 168, 56, 108, 42, 52, 176, 208, 62, 27, 161, 91, 28, 154, 4, 119, 37, 214, 238, 113, 30, 99, 253, 38, 166, 141, 225, 199, 135, 229], [148, 53, 229, 246, 99, 236, 161, 10, 128, 243, 190, 17, 17, 118, 207, 94, 87, 236, 37, 151, 243, 186, 211, 135, 228, 231, 141, 208, 135, 26, 186, 94], [133, 250, 211, 101, 64, 74, 110, 128, 233, 83, 140, 8, 61, 122, 174, 2, 176, 124, 186, 154, 123, 26, 64, 110, 48, 24, 138, 193, 164, 95, 164, 144], [236, 125, 12, 233, 147, 67, 84, 48, 137, 69, 131, 221, 225, 81, 54, 37, 116, 87, 85, 119, 55, 88, 27, 211, 119, 243, 15, 136, 106, 10, 144, 154], [60, 250, 198, 134, 59, 154, 196, 252, 79, 214, 12, 87, 183, 37, 202, 18, 1, 179, 68, 227, 35, 165, 165, 238, 29, 190, 154, 121, 171, 74, 253, 29], [191, 173, 175, 178, 27, 58, 164, 174, 95, 170, 197, 217, 95, 172, 249, 39, 119, 49, 159, 75, 78, 210, 235, 203, 159, 197, 40, 15, 9, 79, 112, 90], [241, 94, 149, 5, 240, 127, 228, 102, 237, 22, 26, 103, 69, 97, 241, 129, 84, 157, 255, 182, 141, 162, 232, 218, 134, 86, 37, 211, 108, 240, 254, 223], [191, 63, 246, 251, 62, 33, 206, 199, 172, 129, 234, 17, 65, 110, 14, 63, 161, 218, 129, 107, 62, 90, 166, 168, 149, 218, 120, 109, 111, 166, 35, 106], [34, 158, 131, 104, 58, 30, 52, 174, 11, 86, 153, 219, 184, 208, 102, 103, 18, 147, 89, 106, 182, 163, 87, 38, 111, 36, 28, 224, 164, 45, 123, 132], [249, 151, 243, 48, 194, 221, 152, 115, 212, 116, 14, 51, 150, 227, 20, 132, 166, 192, 147, 114, 139, 219, 47, 168, 205, 75, 241, 226, 137, 68, 185, 189], [152, 100, 221, 10, 103, 123, 16, 170, 230, 37, 37, 172, 122, 55, 15, 162, 36, 228, 231, 172, 28, 186, 250, 133, 139, 103, 246, 176, 218, 65, 172, 15], [60, 115, 175, 156, 26, 221, 41, 111, 142, 172, 75, 151, 183, 85, 83, 129, 147, 201, 41, 172, 243, 131, 72, 245, 217, 9, 208, 215, 58, 16, 96, 229], [80, 62, 91, 197, 195, 136, 9, 185, 66, 219, 1, 239, 194, 201, 213, 248, 62, 55, 20, 209, 184, 220, 230, 85, 220, 80, 226, 68, 247, 216, 146, 146], [33, 76, 135, 232, 73, 205, 99, 198, 215, 163, 121, 11, 172, 37, 11, 247, 238, 61, 212, 233, 53, 27, 238, 9, 79, 235, 119, 44, 223, 134, 17, 233], [109, 176, 135, 87, 203, 38, 116, 136, 97, 107, 167, 189, 59, 12, 252, 251, 245, 189, 9, 44, 144, 77, 19, 9, 6, 246, 172, 224, 171, 247, 228, 247], [145, 8, 90, 84, 97, 63, 56, 89, 12, 149, 92, 161, 145, 87, 162, 185, 146, 196, 170, 15, 142, 6, 132, 71, 35, 204, 1, 99, 209, 206, 193, 97], [192, 60, 93, 182, 186, 136, 145, 140, 237, 115, 32, 38, 44, 29, 54, 135, 55, 248, 225, 236, 21, 195, 196, 66, 148, 235, 59, 211, 188, 33, 181, 26], [189, 182, 139, 250, 11, 9, 38, 225, 61, 248, 81, 148, 194, 3, 65, 115, 16, 41, 195, 36, 12, 230, 173, 225, 217, 131, 181, 234, 242, 75, 246, 173], [193, 122, 237, 79, 150, 181, 138, 71, 85, 42, 241, 38, 81, 90, 142, 25, 24, 15, 70, 103, 194, 244, 92, 44, 219, 58, 193, 247, 170, 19, 68, 190], [196, 171, 22, 223, 73, 49, 199, 15, 189, 114, 116, 60, 89, 145, 28, 225, 192, 202, 192, 181, 177, 52, 26, 127, 130, 98, 99, 187, 25, 180, 227, 9], [102, 158, 56, 234, 84, 203, 176, 79, 151, 87, 223, 100, 55, 57, 7, 82, 95, 116, 241, 61, 97, 232, 241, 36, 68, 140, 78, 217, 141, 41, 225, 65], [207, 217, 39, 198, 232, 34, 65, 142, 178, 33, 59, 50, 149, 150, 43, 182, 227, 42, 150, 176, 38, 66, 13, 66, 196, 62, 97, 209, 144, 77, 201, 147], [90, 232, 96, 187, 241, 175, 44, 71, 40, 81, 30, 136, 215, 31, 224, 64, 98, 215, 146, 46, 30, 227, 175, 148, 158, 195, 117, 238, 224, 184, 70, 146], [225, 96, 224, 14'
[DEBUG] Received 0x1000 bytes:
    '2, 144, 210, 21, 255, 22, 15, 94, 197, 208, 161, 197, 53, 255, 152, 212, 181, 93, 218, 3, 148, 34, 233, 74, 56, 239, 31, 225, 119], [27, 112, 94, 216, 246, 42, 194, 38, 87, 156, 97, 102, 237, 156, 24, 2, 57, 29, 171, 188, 88, 254, 247, 104, 124, 248, 44, 162, 97, 50, 73, 36], [67, 52, 240, 61, 170, 158, 248, 21, 220, 33, 133, 140, 127, 59, 175, 189, 141, 222, 1, 67, 140, 192, 114, 71, 95, 234, 14, 178, 144, 89, 182, 55], [51, 122, 196, 20, 151, 1, 135, 25, 113, 139, 142, 47, 56, 193, 71, 12, 76, 203, 35, 143, 0, 153, 235, 206, 244, 212, 7, 236, 137, 186, 106, 140], [75, 171, 141, 183, 67, 71, 157, 246, 53, 125, 60, 124, 116, 30, 134, 32, 128, 53, 29, 164, 145, 164, 111, 202, 238, 2, 52, 183, 177, 204, 31, 240], [168, 21, 13, 156, 54, 225, 194, 165, 141, 168, 128, 248, 107, 192, 183, 34, 134, 239, 15, 59, 50, 236, 210, 181, 47, 2, 34, 125, 101, 88, 142, 223], [8, 137, 166, 160, 20, 46, 227, 247, 62, 192, 125, 80, 58, 188, 2, 87, 224, 130, 180, 76, 59, 147, 80, 109, 190, 217, 42, 38, 198, 26, 130, 119]], [[129, 191, 79, 4, 206, 210, 240, 228, 101, 105, 230, 169, 233, 155, 248, 131, 169, 116, 148, 172, 253, 117, 136, 185, 217, 207, 162, 156, 22, 94, 9, 213], [150, 83, 206, 60, 76, 234, 188, 231, 127, 62, 28, 112, 248, 26, 33, 123, 77, 179, 49, 198, 67, 254, 96, 221, 82, 17, 200, 17, 154, 198, 120, 135], [224, 221, 65, 30, 250, 166, 64, 150, 173, 107, 135, 64, 171, 162, 80, 201, 128, 182, 95, 180, 179, 143, 35, 102, 12, 224, 37, 202, 120, 234, 140, 102], [220, 223, 249, 211, 174, 79, 220, 15, 30, 221, 137, 74, 68, 198, 217, 213, 3, 104, 202, 56, 232, 44, 37, 245, 25, 59, 245, 132, 235, 89, 195, 249], [217, 232, 243, 88, 238, 105, 41, 75, 196, 16, 119, 16, 155, 23, 42, 119, 3, 58, 56, 205, 140, 232, 233, 246, 159, 37, 78, 81, 237, 50, 134, 220], [6, 20, 237, 231, 118, 193, 238, 89, 127, 90, 16, 131, 173, 200, 109, 23, 252, 150, 178, 94, 52, 230, 202, 181, 229, 40, 150, 137, 224, 156, 30, 175], [42, 168, 137, 190, 241, 216, 39, 141, 212, 191, 34, 5, 128, 107, 106, 254, 107, 177, 149, 114, 58, 95, 2, 158, 12, 115, 37, 218, 248, 85, 161, 53], [231, 19, 59, 79, 44, 70, 251, 55, 124, 47, 69, 26, 182, 1, 168, 183, 26, 25, 53, 139, 0, 220, 229, 52, 43, 142, 236, 186, 72, 149, 229, 37], [19, 252, 144, 167, 168, 37, 28, 247, 213, 22, 191, 205, 44, 146, 221, 134, 0, 32, 36, 238, 84, 228, 96, 115, 209, 221, 115, 178, 163, 236, 241, 37], [112, 27, 41, 145, 145, 188, 1, 156, 75, 149, 214, 181, 11, 88, 96, 5, 151, 166, 65, 60, 150, 229, 75, 225, 130, 41, 98, 210, 244, 9, 152, 40], [49, 170, 21, 25, 61, 41, 172, 57, 106, 203, 93, 143, 252, 16, 72, 65, 254, 197, 55, 243, 181, 53, 219, 23, 39, 166, 101, 165, 247, 206, 155, 69], [185, 49, 136, 60, 255, 81, 59, 30, 250, 244, 200, 173, 56, 45, 136, 103, 108, 70, 51, 177, 212, 173, 198, 104, 5, 244, 103, 131, 165, 208, 112, 213], [68, 187, 54, 18, 85, 69, 72, 239, 154, 125, 49, 3, 93, 144, 189, 124, 185, 164, 132, 20, 19, 174, 204, 42, 215, 148, 255, 79, 161, 5, 149, 84], [73, 73, 82, 120, 121, 165, 126, 231, 138, 150, 195, 53, 145, 3, 11, 91, 223, 26, 181, 3, 48, 152, 117, 202, 198, 86, 107, 245, 92, 56, 227, 255], [4, 214, 108, 232, 229, 236, 214, 208, 168, 246, 130, 34, 72, 188, 124, 131, 32, 88, 171, 69, 144, 93, 64, 1, 200, 73, 200, 131, 3, 94, 253, 213], [54, 243, 16, 220, 186, 168, 43, 248, 106, 89, 200, 89, 101, 109, 100, 59, 48, 71, 242, 73, 103, 44, 98, 94, 85, 3, 30, 130, 128, 92, 58, 202], [209, 28, 188, 222, 192, 104, 246, 86, 6, 212, 125, 133, 56, 237, 17, 199, 208, 196, 24, 117, 88, 87, 92, 59, 83, 241, 155, 211, 52, 230, 187, 31], [147, 183, 212, 192, 219, 172, 161, 202, 231, 203, 159, 50, 135, 156, 125, 31, 119, 83, 80, 123, 248, 200, 133, 180, 207, 169, 181, 16, 238, 197, 110, 191], [164, 214, 60, 236, 188, 67, 104, 71, 97, 145, 37, 28, 70, 28, 29, 186, 106, 213, 98, 57, 240, 223, 155, 211, 240, 94, 96, 194, 241, 90, 41, 147], [161, 96, 169, 200, 2, 5, 13, 104, 242, 31, 88, 251, 67, 203, 96, 65, 97, 47, 30, 190, 241, 222, 160, 43, 198, 65, 147, 45, 45, 202, 149, 203], [69, 0, 130, 8, 247, 231, 83, 213, 207, 8, 253, 163, 173, 2, 10, 196, 138, 23, 223, 31, 67, 117, 95, 44, 250, 25'
[DEBUG] Received 0x1000 bytes:
    '0, 104, 102, 42, 40, 184, 142], [56, 155, 247, 82, 78, 16, 22, 125, 199, 38, 207, 150, 1, 241, 52, 24, 45, 166, 191, 139, 33, 155, 190, 44, 156, 66, 44, 225, 188, 127, 181, 64], [81, 131, 190, 66, 209, 148, 80, 242, 110, 200, 197, 132, 212, 147, 193, 61, 175, 214, 148, 169, 18, 101, 94, 5, 139, 227, 17, 115, 85, 218, 32, 143], [225, 79, 125, 190, 122, 241, 129, 178, 124, 194, 147, 181, 137, 98, 6, 71, 211, 149, 104, 185, 107, 63, 108, 241, 231, 81, 9, 183, 29, 222, 120, 19], [156, 146, 172, 218, 143, 118, 165, 138, 117, 177, 28, 184, 146, 24, 134, 224, 21, 129, 149, 87, 252, 171, 145, 152, 92, 255, 102, 223, 204, 120, 242, 104], [71, 142, 62, 24, 21, 104, 108, 245, 142, 6, 245, 143, 187, 9, 104, 3, 61, 235, 120, 109, 91, 107, 99, 5, 243, 155, 208, 75, 104, 173, 38, 108], [245, 152, 107, 182, 103, 221, 33, 90, 51, 104, 168, 150, 121, 106, 85, 142, 25, 26, 212, 152, 42, 8, 225, 7, 218, 250, 172, 40, 10, 103, 60, 106], [157, 74, 117, 194, 237, 99, 175, 98, 20, 21, 170, 51, 186, 189, 52, 238, 214, 169, 227, 35, 70, 142, 103, 213, 46, 28, 147, 155, 83, 8, 87, 2], [46, 216, 250, 9, 67, 253, 33, 116, 186, 8, 96, 171, 227, 93, 81, 38, 209, 253, 202, 57, 174, 158, 250, 220, 152, 39, 151, 43, 222, 100, 51, 180], [230, 214, 122, 138, 135, 23, 242, 194, 78, 170, 46, 167, 105, 76, 102, 110, 245, 173, 137, 63, 214, 216, 185, 29, 133, 7, 214, 95, 60, 200, 163, 2], [207, 123, 128, 29, 232, 150, 47, 94, 224, 3, 219, 33, 8, 210, 102, 17, 251, 74, 187, 101, 175, 125, 29, 67, 96, 144, 165, 236, 202, 92, 25, 110], [117, 63, 70, 159, 43, 124, 255, 97, 69, 248, 61, 200, 230, 13, 12, 210, 237, 75, 114, 128, 82, 31, 174, 77, 57, 145, 135, 168, 186, 164, 5, 0]], [[112, 47, 98, 139, 89, 56, 207, 212, 183, 63, 67, 121, 253, 98, 174, 184, 214, 44, 97, 24, 194, 84, 6, 89, 46, 175, 223, 123, 98, 145, 95, 227], [45, 151, 218, 209, 32, 101, 99, 173, 32, 231, 7, 47, 121, 104, 34, 150, 240, 197, 163, 222, 15, 223, 47, 116, 232, 4, 224, 69, 110, 180, 192, 10], [150, 241, 244, 188, 157, 147, 179, 184, 237, 227, 109, 212, 130, 53, 250, 58, 217, 220, 44, 19, 132, 237, 14, 148, 79, 207, 72, 166, 127, 47, 139, 203], [122, 106, 61, 10, 28, 167, 181, 36, 164, 235, 52, 165, 7, 123, 149, 121, 218, 133, 56, 63, 76, 126, 234, 0, 49, 241, 25, 6, 106, 239, 49, 159], [56, 72, 238, 34, 49, 61, 135, 32, 161, 191, 106, 167, 183, 242, 75, 209, 84, 117, 90, 218, 226, 204, 181, 76, 208, 150, 35, 251, 51, 235, 94, 88], [210, 167, 249, 43, 135, 173, 157, 86, 68, 212, 168, 214, 137, 52, 174, 228, 24, 126, 172, 199, 76, 236, 177, 31, 56, 234, 7, 44, 135, 206, 47, 56], [24, 185, 231, 240, 118, 121, 69, 237, 148, 29, 152, 49, 34, 76, 200, 14, 89, 82, 78, 150, 163, 108, 47, 27, 221, 249, 168, 94, 172, 228, 42, 128], [6, 109, 249, 130, 191, 101, 78, 195, 33, 255, 98, 92, 157, 162, 75, 177, 227, 136, 26, 233, 18, 3, 9, 195, 87, 148, 168, 251, 79, 177, 163, 76], [131, 157, 22, 38, 153, 76, 185, 96, 138, 141, 113, 184, 149, 105, 27, 244, 62, 255, 161, 164, 93, 127, 157, 95, 183, 61, 3, 177, 107, 171, 147, 7], [234, 172, 120, 101, 236, 71, 36, 161, 86, 174, 97, 204, 103, 36, 187, 60, 108, 199, 50, 59, 50, 173, 158, 66, 210, 186, 61, 172, 140, 228, 26, 190], [131, 68, 9, 53, 139, 175, 141, 90, 79, 200, 167, 129, 160, 208, 240, 115, 76, 215, 60, 249, 135, 41, 73, 32, 84, 225, 228, 8, 55, 224, 16, 29], [117, 76, 235, 61, 157, 15, 57, 186, 160, 216, 204, 212, 37, 220, 254, 56, 180, 14, 195, 149, 106, 241, 88, 101, 158, 237, 74, 228, 67, 64, 2, 186], [163, 153, 24, 231, 132, 25, 136, 216, 72, 248, 180, 101, 111, 203, 93, 209, 228, 191, 94, 128, 239, 76, 237, 157, 183, 13, 28, 10, 184, 67, 206, 141], [82, 98, 122, 168, 91, 127, 15, 232, 32, 43, 4, 246, 70, 184, 141, 77, 59, 75, 12, 52, 212, 151, 222, 21, 18, 211, 175, 115, 252, 62, 122, 100], [225, 21, 217, 66, 50, 126, 1, 161, 4, 11, 45, 20, 126, 186, 155, 161, 192, 78, 137, 197, 57, 161, 60, 30, 69, 63, 157, 103, 108, 150, 20, 37], [224, 45, 104, 91, 95, 208, 142, 160, 33, 29, 127, 246, 64, 54, 94, 137, 87, 197, 57, 50, 79, 230, 41, 152, 177, 71, 42, 16, 90, 141, 56, 118], [4, 62, 42, 237, 212, 108, 121, 196, 122, 248, 30, 107, 227, 0, 78, 1'
[DEBUG] Received 0x1000 bytes:
    '16, 84, 28, 222, 18, 117, 174, 234, 124, 128, 230, 47, 137, 142, 249, 128, 243], [123, 103, 151, 152, 133, 37, 70, 255, 196, 190, 175, 231, 21, 148, 13, 82, 144, 102, 135, 115, 139, 247, 222, 10, 37, 50, 138, 37, 89, 251, 209, 162], [124, 236, 122, 93, 118, 242, 29, 216, 16, 173, 228, 44, 148, 102, 222, 184, 249, 133, 112, 179, 188, 194, 190, 212, 20, 95, 101, 19, 224, 91, 7, 176], [83, 191, 229, 183, 67, 77, 233, 192, 196, 116, 162, 249, 75, 150, 229, 73, 189, 126, 33, 51, 29, 215, 127, 192, 210, 112, 104, 30, 234, 255, 128, 49], [138, 193, 62, 218, 97, 25, 83, 39, 188, 221, 189, 20, 249, 16, 21, 28, 195, 26, 233, 76, 145, 77, 11, 33, 172, 108, 157, 133, 4, 16, 45, 67], [195, 52, 39, 196, 186, 142, 17, 211, 252, 151, 236, 109, 9, 226, 223, 165, 42, 186, 159, 172, 226, 65, 59, 203, 1, 125, 188, 123, 57, 214, 65, 39], [159, 42, 9, 61, 187, 232, 8, 6, 204, 216, 24, 63, 162, 25, 249, 141, 191, 152, 24, 245, 191, 33, 145, 197, 30, 193, 8, 170, 182, 8, 198, 223], [228, 221, 139, 21, 104, 245, 115, 96, 159, 237, 168, 183, 211, 16, 169, 218, 144, 13, 80, 24, 68, 213, 157, 241, 114, 76, 112, 17, 22, 45, 34, 179], [1, 37, 77, 85, 244, 37, 183, 91, 254, 251, 113, 138, 71, 130, 162, 189, 221, 166, 31, 47, 61, 58, 164, 33, 245, 69, 38, 90, 196, 60, 157, 148], [246, 101, 147, 56, 65, 244, 123, 66, 180, 56, 140, 166, 148, 17, 255, 69, 173, 68, 67, 76, 68, 200, 55, 156, 52, 238, 165, 118, 218, 232, 191, 59], [19, 254, 79, 77, 243, 11, 23, 79, 187, 142, 202, 45, 254, 139, 12, 32, 219, 227, 171, 89, 168, 30, 193, 171, 54, 255, 241, 238, 172, 105, 103, 178], [197, 173, 59, 251, 157, 110, 38, 133, 107, 234, 101, 152, 179, 141, 98, 141, 172, 216, 48, 241, 183, 50, 46, 34, 139, 37, 91, 223, 166, 40, 231, 7], [77, 52, 130, 175, 182, 184, 57, 114, 151, 33, 0, 237, 135, 91, 173, 180, 207, 45, 111, 239, 227, 7, 159, 3, 195, 61, 158, 104, 81, 1, 11, 108], [198, 248, 22, 125, 14, 162, 47, 172, 236, 221, 31, 6, 6, 10, 54, 0, 150, 29, 143, 79, 104, 74, 234, 66, 117, 116, 39, 188, 151, 219, 92, 182], [210, 216, 19, 162, 101, 20, 102, 128, 207, 186, 148, 196, 126, 9, 95, 18, 17, 49, 249, 142, 199, 220, 6, 86, 245, 99, 133, 194, 229, 37, 46, 38], [247, 124, 225, 80, 78, 204, 128, 29, 165, 47, 66, 194, 155, 105, 213, 59, 161, 217, 79, 120, 175, 34, 178, 86, 188, 133, 174, 177, 231, 121, 51, 199]], [[202, 131, 101, 247, 217, 221, 86, 242, 44, 88, 161, 130, 180, 66, 111, 82, 13, 121, 63, 129, 187, 81, 22, 104, 15, 126, 147, 96, 172, 19, 213, 250], [106, 197, 236, 75, 176, 99, 241, 95, 169, 127, 149, 98, 107, 224, 215, 157, 244, 242, 193, 237, 110, 66, 210, 141, 97, 106, 40, 135, 203, 150, 56, 110], [100, 245, 249, 1, 25, 188, 168, 114, 112, 231, 44, 70, 144, 150, 200, 210, 94, 190, 132, 117, 72, 106, 132, 251, 175, 70, 181, 17, 140, 126, 34, 97], [151, 36, 98, 106, 147, 249, 40, 16, 223, 161, 49, 214, 84, 176, 32, 186, 204, 117, 225, 243, 187, 103, 80, 0, 51, 209, 216, 111, 71, 41, 207, 51], [43, 70, 0, 95, 74, 217, 241, 60, 247, 8, 103, 251, 39, 179, 94, 25, 246, 113, 162, 61, 96, 156, 15, 84, 219, 28, 209, 50, 71, 168, 105, 178], [148, 28, 216, 153, 74, 165, 105, 200, 252, 229, 130, 96, 202, 155, 58, 224, 166, 71, 86, 30, 14, 241, 238, 63, 24, 240, 7, 224, 218, 171, 20, 147], [49, 9, 88, 190, 220, 104, 190, 197, 25, 179, 137, 211, 183, 67, 153, 164, 131, 201, 56, 233, 212, 191, 255, 211, 150, 13, 128, 253, 189, 26, 195, 138], [157, 187, 153, 114, 129, 71, 127, 54, 118, 143, 1, 18, 7, 140, 114, 108, 97, 99, 224, 224, 111, 206, 165, 192, 62, 41, 222, 128, 203, 119, 76, 54], [88, 195, 161, 50, 109, 134, 212, 229, 29, 100, 152, 105, 229, 216, 3, 149, 114, 87, 176, 235, 97, 156, 162, 68, 160, 115, 88, 57, 4, 61, 247, 199], [134, 81, 220, 107, 225, 41, 119, 219, 206, 150, 24, 212, 159, 139, 32, 102, 244, 210, 123, 215, 76, 84, 136, 253, 148, 18, 22, 220, 166, 228, 167, 77], [117, 34, 203, 227, 217, 220, 3, 28, 53, 162, 99, 223, 190, 128, 3, 1, 64, 191, 81, 212, 21, 179, 25, 194, 80, 253, 96, 132, 18, 75, 252, 105], [140, 200, 202, 219, 192, 221, 141, 103, 40, 38, 11, 54, 80, 64, 230, 133, 49, 188, 53, 127, 126, 32, 137, 16, 157, 218, 21, 156, 227, 104, 239, 9'
[DEBUG] Received 0x1000 bytes:
    '1], [7, 9, 6, 99, 238, 112, 27, 252, 186, 85, 253, 89, 104, 186, 9, 114, 31, 162, 189, 241, 100, 115, 214, 33, 52, 73, 177, 72, 16, 42, 116, 8], [50, 236, 21, 182, 197, 213, 181, 174, 204, 69, 138, 197, 148, 145, 59, 137, 3, 163, 113, 18, 86, 170, 59, 179, 215, 111, 7, 27, 179, 0, 175, 76], [50, 76, 237, 207, 67, 247, 80, 186, 79, 84, 63, 182, 206, 7, 80, 71, 107, 178, 170, 51, 165, 127, 117, 240, 11, 78, 232, 32, 152, 140, 7, 62], [214, 241, 189, 237, 61, 42, 140, 142, 11, 242, 151, 110, 19, 48, 215, 42, 82, 14, 254, 122, 40, 93, 149, 97, 179, 18, 77, 140, 97, 26, 115, 126], [101, 148, 174, 109, 223, 205, 109, 97, 73, 254, 198, 252, 106, 19, 246, 170, 183, 52, 221, 233, 61, 13, 111, 75, 27, 47, 190, 247, 36, 216, 119, 33], [185, 73, 173, 127, 100, 198, 151, 163, 76, 251, 187, 198, 24, 43, 197, 132, 109, 185, 194, 199, 32, 122, 75, 89, 138, 174, 202, 214, 188, 209, 49, 224], [90, 59, 225, 179, 174, 229, 235, 161, 125, 169, 179, 208, 3, 127, 17, 176, 90, 217, 243, 125, 219, 155, 15, 240, 220, 47, 25, 24, 152, 10, 65, 26], [146, 144, 171, 228, 86, 197, 62, 169, 5, 56, 225, 104, 182, 146, 203, 144, 40, 241, 32, 2, 65, 126, 83, 219, 31, 205, 116, 164, 60, 198, 253, 27], [218, 38, 226, 175, 44, 39, 206, 188, 40, 11, 244, 198, 67, 208, 99, 195, 64, 118, 241, 227, 39, 167, 122, 81, 227, 130, 138, 244, 139, 7, 175, 87], [21, 59, 188, 41, 170, 97, 34, 50, 251, 16, 164, 226, 114, 180, 2, 39, 181, 173, 117, 245, 183, 205, 226, 203, 221, 218, 128, 81, 250, 104, 222, 190], [158, 249, 207, 128, 246, 210, 211, 63, 143, 48, 153, 82, 208, 88, 131, 164, 37, 202, 11, 113, 169, 87, 78, 7, 250, 95, 24, 2, 191, 136, 144, 45], [85, 4, 177, 140, 163, 234, 86, 246, 64, 247, 14, 248, 140, 244, 213, 241, 152, 50, 250, 210, 133, 2, 5, 146, 226, 167, 156, 81, 177, 218, 41, 31], [58, 187, 101, 82, 29, 220, 67, 197, 89, 149, 120, 28, 94, 231, 211, 213, 207, 66, 136, 108, 24, 91, 250, 99, 53, 181, 65, 248, 137, 35, 141, 249], [101, 197, 70, 208, 41, 129, 17, 134, 225, 29, 123, 233, 217, 6, 248, 199, 188, 244, 62, 79, 51, 88, 34, 51, 5, 101, 167, 22, 19, 200, 52, 40], [198, 100, 168, 159, 69, 123, 172, 222, 124, 1, 248, 129, 7, 56, 240, 231, 9, 76, 225, 16, 36, 162, 62, 93, 134, 94, 233, 49, 45, 118, 95, 229], [148, 65, 232, 145, 21, 27, 177, 171, 165, 123, 150, 218, 233, 63, 224, 121, 136, 19, 128, 51, 129, 34, 138, 125, 64, 104, 234, 32, 149, 145, 79, 47], [244, 26, 17, 188, 137, 110, 13, 210, 62, 221, 245, 110, 8, 3, 173, 163, 56, 235, 179, 42, 23, 167, 121, 250, 197, 106, 196, 236, 183, 254, 120, 53], [188, 21, 157, 19, 212, 21, 64, 11, 104, 188, 121, 217, 176, 243, 151, 154, 197, 25, 2, 254, 111, 11, 90, 181, 152, 56, 198, 35, 196, 189, 8, 38], [238, 53, 42, 86, 225, 141, 64, 85, 72, 21, 21, 115, 171, 207, 124, 118, 66, 173, 122, 190, 93, 198, 113, 165, 167, 125, 128, 17, 151, 160, 255, 83], [251, 86, 42, 133, 234, 65, 126, 0, 222, 211, 18, 33, 68, 116, 173, 167, 123, 251, 155, 213, 125, 117, 47, 245, 171, 168, 212, 154, 11, 77, 7, 158]], [[97, 20, 225, 25, 43, 44, 219, 35, 103, 209, 128, 196, 239, 81, 194, 198, 162, 58, 16, 64, 91, 130, 3, 235, 77, 184, 161, 225, 61, 220, 137, 59], [82, 200, 98, 169, 84, 129, 17, 224, 124, 172, 180, 175, 190, 211, 7, 115, 209, 206, 178, 140, 171, 44, 53, 126, 240, 107, 45, 42, 187, 46, 243, 205], [132, 164, 203, 70, 6, 216, 205, 161, 74, 95, 19, 74, 60, 229, 73, 121, 40, 45, 154, 247, 95, 210, 237, 198, 255, 225, 63, 72, 1, 70, 201, 224], [177, 103, 117, 216, 123, 57, 242, 55, 129, 254, 15, 237, 230, 20, 250, 7, 9, 48, 199, 124, 239, 114, 202, 80, 203, 77, 227, 215, 234, 107, 127, 216], [78, 72, 178, 155, 70, 93, 89, 207, 134, 9, 144, 71, 171, 26, 203, 13, 22, 13, 14, 162, 204, 168, 8, 114, 33, 148, 175, 59, 138, 25, 136, 159], [210, 254, 83, 50, 158, 189, 245, 103, 140, 21, 218, 92, 8, 212, 26, 76, 220, 125, 225, 115, 185, 181, 26, 19, 236, 64, 197, 58, 91, 1, 167, 74], [57, 52, 21, 244, 166, 129, 45, 218, 68, 190, 245, 169, 249, 132, 221, 149, 16, 66, 139, 187, 116, 28, 167, 147, 46, 121, 39, 50, 168, 244, 157, 173], [146, 88, 12, 88, 234, 94, 20, 166, 4, 244, 233, 57, 221, 195, 30, 175, 142, 23, 93, 50, 27, 186'
[DEBUG] Received 0x1000 bytes:
    ', 165, 204, 55, 158, 31, 6, 11, 205, 133, 69], [142, 71, 70, 65, 195, 19, 84, 52, 202, 206, 198, 157, 9, 26, 20, 143, 17, 53, 146, 147, 0, 151, 85, 148, 91, 199, 136, 32, 137, 75, 235, 114], [11, 237, 141, 37, 45, 77, 28, 121, 186, 254, 126, 163, 144, 196, 173, 21, 77, 141, 1, 177, 147, 23, 150, 192, 74, 94, 205, 109, 125, 141, 129, 251], [63, 223, 113, 177, 46, 219, 161, 78, 47, 38, 175, 162, 227, 170, 52, 206, 100, 199, 248, 182, 29, 21, 87, 119, 156, 188, 239, 72, 84, 158, 199, 5], [58, 144, 17, 143, 231, 207, 37, 130, 95, 140, 144, 20, 193, 138, 14, 174, 122, 194, 92, 112, 60, 152, 54, 30, 160, 189, 169, 54, 154, 107, 235, 155], [3, 9, 122, 103, 78, 24, 44, 145, 171, 60, 227, 56, 194, 138, 17, 127, 13, 197, 222, 130, 50, 48, 68, 212, 37, 136, 65, 136, 9, 71, 35, 26], [168, 249, 230, 60, 113, 156, 1, 202, 46, 1, 111, 215, 170, 233, 79, 127, 52, 214, 197, 13, 32, 139, 191, 23, 113, 72, 83, 16, 128, 22, 103, 7], [114, 125, 145, 41, 65, 113, 218, 167, 120, 187, 148, 243, 165, 171, 231, 130, 219, 205, 209, 237, 158, 162, 216, 116, 46, 109, 197, 193, 88, 183, 145, 246], [143, 23, 228, 117, 136, 209, 201, 183, 132, 37, 127, 154, 187, 131, 152, 179, 176, 37, 105, 173, 106, 24, 151, 202, 136, 167, 203, 53, 10, 74, 180, 195], [12, 242, 200, 178, 56, 173, 61, 124, 218, 40, 242, 212, 28, 102, 148, 117, 50, 142, 207, 174, 120, 100, 151, 91, 53, 25, 214, 211, 44, 170, 99, 126], [135, 14, 242, 218, 102, 116, 161, 61, 168, 169, 249, 12, 67, 240, 65, 100, 253, 69, 136, 66, 114, 154, 123, 29, 96, 7, 176, 192, 23, 141, 220, 184], [92, 22, 164, 122, 3, 49, 90, 250, 32, 137, 62, 202, 0, 225, 247, 7, 23, 19, 163, 132, 40, 109, 196, 235, 64, 175, 225, 242, 105, 197, 26, 189], [78, 216, 248, 52, 26, 211, 255, 150, 231, 198, 188, 114, 63, 122, 208, 74, 164, 42, 66, 184, 46, 99, 240, 152, 200, 137, 92, 130, 207, 166, 53, 39], [214, 199, 59, 231, 49, 16, 49, 66, 91, 36, 68, 168, 147, 93, 25, 33, 162, 173, 247, 230, 162, 236, 249, 172, 196, 166, 239, 69, 24, 132, 55, 51], [135, 143, 168, 121, 226, 11, 96, 82, 40, 34, 195, 10, 142, 24, 45, 69, 215, 251, 216, 226, 95, 221, 65, 140, 224, 47, 2, 159, 62, 173, 192, 105], [229, 169, 114, 25, 27, 160, 241, 93, 37, 240, 178, 164, 100, 30, 81, 112, 8, 228, 103, 94, 37, 152, 120, 66, 245, 80, 53, 101, 1, 4, 98, 206], [29, 174, 221, 175, 227, 227, 107, 69, 116, 105, 162, 109, 127, 85, 72, 79, 51, 28, 231, 100, 132, 68, 47, 198, 23, 87, 68, 169, 42, 76, 149, 226], [102, 202, 211, 60, 138, 58, 8, 25, 44, 123, 181, 198, 59, 66, 160, 213, 20, 61, 164, 254, 35, 99, 143, 9, 48, 193, 63, 33, 55, 180, 177, 150], [52, 157, 149, 225, 102, 218, 188, 172, 49, 214, 154, 32, 73, 61, 96, 123, 246, 171, 231, 210, 30, 241, 75, 230, 8, 25, 161, 47, 97, 231, 242, 199], [104, 69, 108, 215, 128, 205, 188, 126, 80, 184, 188, 156, 19, 191, 91, 102, 207, 16, 248, 54, 255, 59, 126, 252, 176, 123, 77, 228, 188, 26, 103, 171], [75, 127, 90, 198, 183, 201, 110, 49, 121, 2, 4, 42, 233, 67, 116, 222, 143, 139, 121, 114, 222, 175, 95, 163, 228, 197, 249, 144, 69, 151, 139, 140], [218, 120, 45, 172, 37, 28, 110, 137, 126, 59, 30, 143, 182, 217, 255, 251, 132, 168, 65, 2, 72, 7, 118, 70, 19, 208, 113, 147, 42, 197, 225, 72], [4, 154, 153, 79, 75, 91, 197, 255, 113, 110, 124, 234, 53, 104, 154, 174, 156, 195, 109, 106, 176, 40, 224, 23, 37, 167, 43, 218, 87, 247, 72, 153], [110, 54, 225, 233, 48, 144, 250, 147, 34, 248, 57, 63, 169, 47, 132, 61, 204, 163, 248, 12, 198, 142, 212, 21, 194, 231, 38, 81, 35, 217, 122, 21], [140, 118, 81, 209, 159, 184, 66, 79, 149, 219, 31, 87, 87, 113, 64, 249, 230, 211, 177, 64, 55, 76, 150, 181, 156, 171, 237, 50, 186, 38, 33, 124]], [[19, 174, 145, 210, 1, 102, 253, 239, 19, 248, 61, 171, 67, 45, 226, 162, 55, 222, 206, 219, 85, 12, 122, 127, 137, 0, 186, 41, 176, 190, 92, 18], [39, 40, 154, 113, 129, 38, 184, 181, 124, 23, 234, 9, 69, 128, 93, 89, 201, 48, 101, 130, 126, 158, 245, 158, 50, 133, 223, 106, 66, 244, 107, 183], [44, 140, 172, 67, 55, 136, 32, 91, 43, 9, 10, 145, 187, 43, 2, 59, 176, 244, 24, 217, 145, 191, 44, 43, 9, 99, 65, 246, 74, 172, 154, 146], [138, 50, 70, 92, 223, 67, 91, 152, 132, 7'
[DEBUG] Received 0xff0 bytes:
    '3, 65, 226, 169, 59, 71, 216, 159, 100, 32, 199, 240, 140, 128, 219, 102, 150, 61, 176, 234, 120, 103, 167], [225, 61, 17, 192, 133, 76, 234, 80, 85, 175, 195, 204, 83, 248, 66, 34, 23, 100, 184, 201, 91, 118, 1, 194, 15, 23, 218, 252, 183, 210, 24, 155], [232, 106, 160, 152, 67, 38, 14, 27, 78, 237, 176, 88, 184, 186, 137, 37, 227, 157, 111, 190, 50, 73, 182, 46, 3, 232, 182, 174, 93, 12, 88, 136], [141, 9, 96, 13, 66, 81, 94, 209, 13, 221, 206, 82, 19, 83, 237, 252, 135, 108, 124, 177, 162, 22, 29, 25, 114, 58, 146, 71, 76, 40, 134, 25], [205, 104, 175, 118, 170, 23, 136, 211, 151, 242, 42, 254, 142, 224, 45, 220, 27, 168, 184, 149, 157, 122, 194, 216, 57, 160, 176, 129, 62, 120, 204, 215], [135, 145, 29, 174, 88, 140, 245, 150, 161, 89, 207, 191, 154, 158, 203, 5, 108, 120, 17, 218, 62, 183, 208, 216, 209, 22, 175, 69, 251, 122, 186, 119], [85, 130, 74, 225, 253, 110, 49, 59, 148, 149, 24, 206, 246, 134, 175, 51, 39, 133, 35, 225, 64, 11, 38, 41, 172, 135, 62, 103, 71, 228, 33, 142], [251, 122, 90, 226, 18, 80, 186, 114, 15, 188, 209, 223, 177, 119, 215, 190, 73, 25, 238, 221, 80, 140, 19, 245, 59, 216, 62, 148, 240, 16, 108, 61], [164, 90, 123, 121, 212, 211, 206, 94, 235, 46, 186, 241, 44, 143, 125, 73, 153, 172, 83, 173, 99, 204, 193, 48, 118, 5, 51, 59, 214, 185, 213, 58], [182, 27, 40, 120, 240, 90, 76, 107, 20, 231, 139, 185, 15, 85, 5, 54, 156, 230, 255, 121, 152, 211, 124, 35, 193, 245, 67, 219, 112, 174, 138, 168], [40, 102, 231, 211, 20, 175, 193, 238, 32, 28, 36, 60, 41, 65, 212, 125, 246, 148, 130, 152, 124, 186, 238, 65, 241, 104, 37, 91, 33, 170, 226, 208], [31, 100, 104, 233, 174, 142, 208, 95, 209, 138, 54, 190, 124, 77, 184, 168, 163, 251, 140, 37, 104, 219, 0, 190, 89, 1, 203, 142, 229, 109, 232, 215], [246, 230, 136, 135, 15, 100, 111, 134, 233, 6, 49, 135, 218, 232, 190, 39, 40, 96, 6, 158, 223, 59, 212, 44, 57, 54, 196, 156, 122, 86, 210, 199], [18, 71, 114, 9, 92, 78, 128, 3, 240, 202, 239, 47, 158, 133, 38, 116, 211, 251, 247, 172, 215, 191, 32, 132, 161, 254, 36, 158, 9, 67, 67, 14], [59, 198, 156, 145, 39, 27, 68, 148, 18, 131, 3, 162, 125, 227, 116, 145, 161, 243, 218, 39, 88, 183, 10, 217, 153, 177, 152, 62, 243, 10, 220, 8], [215, 157, 165, 77, 235, 126, 174, 226, 5, 7, 139, 209, 206, 99, 193, 160, 72, 165, 25, 93, 20, 41, 211, 92, 131, 212, 91, 57, 113, 12, 160, 37], [149, 215, 220, 81, 7, 5, 2, 88, 126, 194, 175, 217, 196, 83, 237, 249, 179, 112, 72, 77, 170, 36, 206, 199, 29, 230, 235, 156, 59, 156, 15, 204], [153, 228, 66, 167, 252, 255, 64, 170, 192, 88, 171, 44, 203, 44, 204, 222, 140, 96, 109, 134, 208, 121, 103, 25, 72, 138, 85, 137, 156, 121, 76, 98], [89, 245, 24, 152, 88, 234, 49, 80, 94, 255, 61, 43, 201, 236, 222, 233, 69, 28, 192, 211, 115, 216, 148, 148, 226, 214, 175, 157, 199, 238, 108, 83], [84, 76, 146, 230, 212, 181, 180, 162, 208, 144, 227, 247, 191, 117, 81, 97, 59, 229, 217, 74, 155, 159, 209, 141, 60, 7, 70, 33, 38, 194, 117, 116], [86, 46, 153, 183, 252, 26, 21, 73, 212, 173, 8, 142, 129, 240, 89, 107, 207, 201, 77, 4, 141, 35, 128, 240, 198, 123, 193, 32, 225, 59, 74, 131], [66, 12, 59, 136, 79, 53, 238, 210, 13, 137, 15, 255, 192, 236, 34, 237, 17, 28, 220, 40, 52, 200, 3, 22, 85, 245, 60, 129, 228, 87, 152, 215], [76, 227, 181, 235, 253, 6, 82, 21, 94, 21, 56, 73, 69, 250, 86, 177, 127, 200, 157, 151, 206, 222, 30, 149, 29, 78, 95, 217, 147, 160, 43, 41], [238, 120, 100, 47, 20, 205, 206, 26, 216, 209, 48, 160, 68, 48, 144, 91, 173, 171, 173, 117, 254, 52, 97, 26, 168, 99, 185, 109, 42, 146, 47, 179], [133, 214, 9, 236, 165, 114, 135, 72, 35, 118, 222, 187, 121, 234, 173, 228, 190, 183, 120, 27, 35, 92, 59, 142, 234, 93, 3, 165, 137, 52, 122, 236], [100, 165, 0, 27, 46, 127, 109, 23, 68, 128, 250, 188, 148, 187, 18, 36, 234, 30, 212, 166, 43, 163, 191, 196, 21, 159, 127, 102, 209, 50, 236, 95], [94, 47, 83, 193, 208, 182, 213, 77, 93, 214, 36, 91, 175, 108, 213, 69, 117, 176, 151, 37, 137, 235, 59, 67, 126, 114, 183, 53, 180, 207, 16, 240], [22, 38, 232, 15, 201, 40, 116, 66, 102, 243, 101, 223, 58, 196, 8, 251, 49, 43, 150, 138, 134, 207, 101, 23'
[DEBUG] Received 0x590 bytes:
    '3, 188, 166, 229, 131, 198, 228, 136, 147], [17, 51, 188, 125, 96, 224, 248, 231, 183, 143, 80, 70, 66, 180, 121, 96, 201, 115, 102, 7, 154, 88, 221, 215, 209, 137, 108, 30, 189, 127, 158, 151]], [[219, 208, 4, 90, 92, 164, 250, 93, 80, 254, 82, 80, 41, 183, 60, 36, 15, 95, 126, 99, 25, 159, 235, 186, 44, 152, 166, 83, 73, 187, 21, 233], [238, 24, 220, 55, 81, 176, 208, 205, 167, 249, 21, 66, 50, 166, 180, 147, 159, 198, 63, 31, 3, 118, 19, 25, 65, 116, 138, 153, 57, 172, 173, 212], [227, 35, 73, 53, 214, 240, 183, 171, 120, 74, 186, 131, 155, 225, 6, 178, 199, 239, 194, 140, 74, 197, 236, 208, 98, 24, 72, 100, 234, 39, 148, 10], [225, 60, 169, 123, 45, 237, 152, 249, 217, 168, 90, 194, 96, 140, 40, 0, 227, 244, 86, 26, 103, 250, 8, 182, 3, 242, 231, 111, 207, 87, 26, 0], [74, 185, 169, 23, 62, 71, 206, 105, 216, 171, 1, 186, 49, 201, 106, 250, 150, 210, 55, 99, 11, 255, 116, 151, 226, 131, 183, 5, 7, 77, 45, 67], [169, 76, 136, 89, 63, 41, 110, 65, 39, 97, 226, 6, 36, 90, 94, 241, 29, 1, 230, 151, 6, 142, 43, 167, 153, 150, 177, 82, 135, 166, 122, 211], [115, 251, 153, 88, 252, 48, 191, 25, 199, 160, 172, 233, 192, 66, 161, 61, 206, 173, 183, 180, 65, 163, 83, 240, 186, 175, 35, 160, 223, 162, 181, 170], [185, 137, 78, 81, 169, 221, 153, 12, 99, 52, 162, 129, 180, 102, 94, 175, 64, 50, 155, 142, 68, 236, 191, 52, 38, 10, 26, 131, 0, 15, 129, 179], [65, 107, 255, 142, 132, 43, 148, 147, 92, 88, 16, 17'
[DEBUG] Received 0x590 bytes:
    '7, 113, 86, 95, 133, 82, 134, 209, 96, 85, 204, 167, 155, 61, 164, 215, 235, 124, 176, 26, 178], [3, 223, 108, 125, 56, 64, 46, 241, 93, 149, 209, 21, 169, 91, 105, 137, 92, 76, 246, 39, 92, 46, 44, 7, 181, 107, 53, 221, 183, 140, 5, 166], [124, 51, 208, 1, 158, 147, 201, 41, 84, 51, 152, 60, 235, 101, 6, 254, 247, 217, 119, 143, 19, 241, 66, 153, 192, 196, 128, 95, 77, 227, 192, 181], [248, 233, 148, 62, 176, 47, 48, 106, 113, 93, 144, 45, 38, 43, 107, 128, 224, 60, 146, 120, 122, 64, 217, 0, 102, 8, 94, 162, 80, 70, 235, 22], [10, 147, 140, 128, 197, 174, 8, 7, 214, 27, 38, 10, 98, 157, 216, 77, 191, 192, 3, 252, 253, 234, 231, 5, 110, 236, 111, 231, 86, 34, 174, 14], [20, 244, 13, 246, 178, 214, 110, 50, 247, 217, 86, 75, 81, 121, 13, 63, 210, 254, 237, 98, 220, 155, 131, 27, 27, 28, 127, 162, 45, 209, 9, 92], [188, 217, 93, 163, 174, 180, 105, 56, 204, 177, 149, 140, 197, 70, 240, 211, 102, 247, 249, 169, 204, 49, 182, 49, 206, 227, 95, 56, 65, 254, 223, 246], [144, 235, 49, 208, 168, 204, 91, 159, 226, 106, 101, 23, 68, 55, 26, 45, 152, 140, 123, 79, 155, 55, 148, 237, 19, 85, 237, 156, 122, 148, 205, 35], [3, 171, 164, 77, 160, 67, 101, 133, 237, 42, 186, 133, 255, 111, 124, 43, 161, 153, 144, 92, 197, 4, 90, 35, 57, 18, 208, 27, 218, 201, 36, 9], [217, 233, 39, 5, 143, 159, 251, 122, 16, 104, 193, 184, 136, 253, 163, 215, 66, 2, 211, 61, 24, 112, 84, 215, 29, 182, 59, 167, 162, 85, 64, 190], [4'
[DEBUG] Received 0x590 bytes:
    ', 178, 192, 97, 2, 61, 248, 76, 116, 17, 14, 107, 145, 191, 253, 238, 58, 40, 117, 114, 200, 109, 36, 169, 221, 87, 248, 63, 223, 213, 99, 75], [107, 87, 217, 103, 250, 235, 150, 5, 216, 49, 190, 14, 31, 42, 200, 209, 21, 235, 62, 86, 214, 188, 159, 37, 77, 229, 146, 6, 158, 5, 194, 0], [33, 131, 195, 16, 95, 230, 244, 137, 194, 226, 64, 203, 139, 182, 46, 185, 80, 4, 175, 72, 8, 92, 226, 24, 67, 8, 165, 224, 246, 65, 195, 249], [91, 205, 45, 201, 181, 97, 74, 212, 141, 1, 123, 123, 210, 129, 97, 169, 20, 92, 238, 74, 8, 41, 114, 25, 36, 176, 181, 188, 25, 139, 78, 243], [141, 60, 170, 40, 137, 18, 157, 10, 23, 120, 5, 99, 203, 138, 17, 53, 117, 29, 229, 211, 141, 58, 105, 107, 238, 172, 173, 143, 233, 253, 92, 146], [93, 49, 24, 78, 238, 3, 237, 119, 238, 24, 211, 187, 105, 85, 170, 45, 90, 114, 160, 72, 90, 127, 28, 209, 29, 139, 30, 160, 203, 52, 30, 72], [209, 3, 247, 47, 116, 85, 98, 122, 19, 32, 48, 40, 93, 179, 8, 96, 155, 124, 108, 89, 51, 175, 209, 169, 229, 207, 212, 155, 230, 232, 17, 247], [52, 195, 228, 249, 73, 124, 124, 246, 240, 1, 104, 162, 196, 215, 33, 219, 44, 96, 100, 136, 195, 232, 28, 49, 144, 163, 248, 79, 161, 50, 6, 114], [62, 248, 108, 115, 55, 224, 50, 199, 222, 14, 46, 107, 180, 102, 83, 25, 229, 148, 123, 245, 247, 86, 213, 167, 206, 98, 48, 4, 22, 250, 164, 246], [31, 156, 74, 127, 1, 79, 181, 121, 179, 201, 246, 79, 56, 18, 183, 74, 170, 146, 160, 57, 140, 237, 145, 89,'
[DEBUG] Received 0x28a bytes:
    ' 38, 195, 48, 187, 66, 104, 199, 31], [2, 153, 57, 28, 141, 159, 251, 46, 24, 0, 148, 202, 192, 161, 124, 238, 35, 85, 158, 137, 107, 23, 165, 133, 157, 68, 18, 135, 86, 164, 35, 117], [56, 197, 131, 110, 25, 200, 130, 197, 168, 107, 46, 100, 47, 200, 3, 253, 12, 157, 209, 29, 145, 168, 212, 194, 21, 32, 185, 13, 56, 112, 225, 5], [248, 221, 154, 99, 246, 241, 175, 99, 206, 243, 46, 108, 22, 158, 253, 11, 131, 82, 117, 121, 238, 243, 191, 152, 28, 46, 125, 166, 128, 175, 80, 49], [66, 92, 186, 36, 77, 75, 153, 241, 242, 36, 105, 93, 15, 103, 235, 81, 9, 7, 44, 86, 167, 151, 101, 13, 28, 120, 239, 175, 123, 66, 158, 53]]]\n'
    'Tell me your choice:\n'
Traceback (most recent call last):
  File "expov.py", line 51, in <module>
    sh.recvall()
  File "/usr/local/lib/python2.7/dist-packages/pwnlib/tubes/sock.py", line 29, in recvall
    return super(sock, self).recvall(timeout)
  File "/usr/local/lib/python2.7/dist-packages/pwnlib/tubes/tube.py", line 669, in recvall
    if not self._fillbuffer():
  File "/usr/local/lib/python2.7/dist-packages/pwnlib/tubes/tube.py", line 126, in _fillbuffer
    data = self.recv_raw(self.buffer.get_fill_size())
  File "/usr/local/lib/python2.7/dist-packages/pwnlib/tubes/sock.py", line 37, in recv_raw
    data = self.sock.recv(numb, *a)
KeyboardInterrupt
[*] Closed connection to 134.175.220.99 port 8848
giantbranch@ubuntu:~/xctf$ 
